<?xml version="1.0" encoding="utf-8"?>

<grasp>
  <sensor>
    <deformation>
      <equation>
        <first c1="2.40934" c10="0.116195" c11="0.116195" c12="0.0147913" c13="-0.0439856" c14="0" c15="0" c16="-0.0176003" c17="0.0566884" c18="0.227463" c19="0.148923" c2="-0.707464" c20="0.0376418" c21="0.179744" c22="0.0673937" c23="0.0673937" c24="-0.0356482" c25="0.105493" c26="0.0700074" c27="0.132839" c28="-1.7634" c29="0.287984" c3="1.67053" c30="0.452492" c31="-1.71607" c32="0.318076" c33="0.153021" c34="-1.15053" c35="0" c36="0" c37="0" c38="0" c39="0" c4="-1.71806" c40="0" c41="0" c42="0" c43="0" c44="0" c45="0" c46="0" c47="0" c48="0" c49="0" c5="1.53912" c50="0" c51="0" c52="0" c53="0" c54="0" c55="0" c56="0" c57="0" c58="0" c59="0" c6="-1.2306" c60="0" c61="0" c7="-0.873362" c8="-0.00768638" c9="0.268806" dim="61" m11="0.0949819" m12="0.984016" m13="-0.150636" m21="0.623095" m22="-0.176779" m23="-0.761906" m31="-0.776357" m32="-0.0214933" m33="-0.629927" planner_index="0" v1="0.453917" v2="-0.673897" v3="0.281659"></first>
        <second m11="1" m12="0" m13="0" m21="0" m22="1" m23="0" m31="0" m32="0" m33="1" v1="0" v2="0" v3="0"></second>
      </equation>
      <equation>
        <first c1="1.78474" c10="0.116195" c11="0.116195" c12="0.0142328" c13="-0.0445441" c14="0" c15="0" c16="-0.0176003" c17="0.0566884" c18="0.226207" c19="0.147667" c2="-1.14423" c20="0.0376418" c21="0.179744" c22="0.0673937" c23="0.0673937" c24="-0.0356482" c25="0.105493" c26="0.0700074" c27="0.132839" c28="-1.7634" c29="0.287984" c3="2.96505" c30="0.452492" c31="-1.71607" c32="0.318076" c33="0.153021" c34="-1.15053" c35="0" c36="0" c37="0" c38="0" c39="0" c4="-1.57871" c40="0" c41="0" c42="0" c43="0" c44="0" c45="0" c46="0" c47="0" c48="0" c49="0" c5="1.71651" c50="0" c51="0" c52="0" c53="0" c54="0" c55="0" c56="0" c57="0" c58="0" c59="0" c6="-0.365338" c60="0" c61="0" c7="-2.96628" c8="0.000132703" c9="0.275508" dim="61" m11="-0.301948" m12="-0.864208" m13="0.402457" m21="-0.553195" m22="0.502651" m23="0.664317" m31="-0.776404" m32="-0.0220477" m33="-0.62985" planner_index="0" v1="0.522878" v2="-0.238202" v3="0.281653"></first>
        <second m11="0.999876" m12="0.00157194" m13="-0.0156405" m21="-0.000843942" m22="0.998921" m23="0.0464438" m31="0.0156966" m32="-0.0464249" m33="0.998798" v1="0.0033975" v2="0.00693548" v3="-0.0292736"></second>
      </equation>
      <equation>
        <first c1="2.06488" c10="0.116195" c11="0.116195" c12="0.0142328" c13="-0.0445441" c14="0" c15="0" c16="-0.0176003" c17="0.0566884" c18="0.226207" c19="0.147667" c2="-1.32833" c20="0.0376418" c21="0.179744" c22="0.0673937" c23="0.0673937" c24="-0.0356482" c25="0.105493" c26="0.0700074" c27="0.132839" c28="-1.7634" c29="0.287984" c3="1.82668" c30="0.452492" c31="-1.71607" c32="0.318076" c33="0.153021" c34="-1.15053" c35="0" c36="0" c37="0" c38="0" c39="0" c4="-1.09967" c40="0" c41="0" c42="0" c43="0" c44="0" c45="0" c46="0" c47="0" c48="0" c49="0" c5="1.97735" c50="0" c51="0" c52="0" c53="0" c54="0" c55="0" c56="0" c57="0" c58="0" c59="0" c6="-0.294536" c60="0" c61="0" c7="-1.90185" c8="0.00348374" c9="0.278859" dim="61" m11="-0.5968" m12="0.344271" m13="0.724781" m21="0.201071" m22="0.938623" m23="-0.28028" m31="-0.776789" m32="-0.0215385" m33="-0.629393" planner_index="0" v1="0.671174" v2="-0.485064" v3="0.281694"></first>
        <second m11="0.999976" m12="0.00377785" m13="0.00576242" m21="-0.00399089" m22="0.999292" m23="0.0374184" m31="-0.00561698" m32="-0.0374405" m33="0.999283" v1="0.00588975" v2="0.00567671" v3="-0.014842"></second>
      </equation>
      <equation>
        <first c1="2.24194" c10="0.116195" c11="0.116195" c12="0.0142328" c13="-0.0445441" c14="0" c15="0" c16="-0.0170418" c17="0.0561299" c18="0.227463" c19="0.148923" c2="-0.780093" c20="0.0393173" c21="0.179185" c22="0.0673937" c23="0.0673937" c24="-0.0356482" c25="0.105493" c26="0.0700074" c27="0.132839" c28="-1.7634" c29="0.287984" c3="2.56492" c30="0.452492" c31="-1.71607" c32="0.318076" c33="0.153021" c34="-1.15053" c35="0" c36="0" c37="0" c38="0" c39="0" c4="-1.99426" c40="0" c41="0" c42="0" c43="0" c44="0" c45="0" c46="0" c47="0" c48="0" c49="0" c5="0.489687" c50="0" c51="0" c52="0" c53="0" c54="0" c55="0" c56="0" c57="0" c58="0" c59="0" c6="-1.03598" c60="0" c61="0" c7="-1.15262" c8="0.00124971" c9="0.277742" dim="61" m11="-0.178336" m12="0.0904814" m13="0.979801" m21="0.0122297" m22="0.99589" m23="-0.0897413" m31="-0.983894" m32="-0.0040214" m33="-0.178709" planner_index="0" v1="0.418525" v2="-0.368622" v3="0.359351"></first>
        <second m11="0.999886" m12="-0.00326258" m13="0.0147511" m21="0.00269434" m22="0.99926" m23="0.0383787" m31="-0.0148654" m32="-0.0383346" m33="0.999154" v1="0.000755514" v2="0.000356566" v3="-0.0117131"></second>
      </equation>
      <equation>
        <first c1="2.00405" c10="0.116195" c11="0.116195" c12="0.0142328" c13="-0.0445441" c14="0" c15="0" c16="-0.0170418" c17="0.0561299" c18="0.227463" c19="0.148923" c2="-0.54963" c20="0.0382003" c21="0.180303" c22="0.0673937" c23="0.0673937" c24="-0.0356482" c25="0.105493" c26="0.0700074" c27="0.132839" c28="-1.7634" c29="0.287984" c3="1.80589" c30="0.452492" c31="-1.71607" c32="0.318076" c33="0.153021" c34="-1.15053" c35="0" c36="0" c37="0" c38="0" c39="0" c4="-1.49324" c40="0" c41="0" c42="0" c43="0" c44="0" c45="0" c46="0" c47="0" c48="0" c49="0" c5="1.62683" c50="0" c51="0" c52="0" c53="0" c54="0" c55="0" c56="0" c57="0" c58="0" c59="0" c6="-0.865733" c60="0" c61="0" c7="-1.03742" c8="0.00236672" c9="0.276625" dim="61" m11="0.129162" m12="0.985272" m13="-0.112052" m21="0.819661" m22="-0.169677" m23="-0.547143" m31="-0.558097" m32="-0.0211746" m33="-0.829505" planner_index="0" v1="0.432816" v2="-0.793118" v3="0.161242"></first>
        <second m11="0.999982" m12="-0.00521163" m13="0.00303016" m21="0.00522145" m22="0.999981" m23="-0.00324091" m31="-0.00301322" m32="0.00325668" m33="0.99999" v1="-0.00025903" v2="-0.00366983" v3="0.00227601"></second>
      </equation>
      <equation>
        <first c1="1.6014" c10="0.116195" c11="0.116195" c12="0.0153498" c13="-0.0423101" c14="0" c15="0" c16="-0.0170418" c17="0.0550129" c18="0.226207" c19="0.147667" c2="-1.51475" c20="0.0370833" c21="0.179185" c22="0.0673937" c23="0.0673937" c24="-0.0356482" c25="0.105493" c26="0.0700074" c27="0.132839" c28="-1.7634" c29="0.287984" c3="2.96307" c30="0.452492" c31="-1.71607" c32="0.318076" c33="0.153021" c34="-1.15053" c35="0" c36="0" c37="0" c38="0" c39="0" c4="-1.1587" c40="0" c41="0" c42="0" c43="0" c44="0" c45="0" c46="0" c47="0" c48="0" c49="0" c5="1.62884" c50="0" c51="0" c52="0" c53="0" c54="0" c55="0" c56="0" c57="0" c58="0" c59="0" c6="-0.588962" c60="0" c61="0" c7="-2.96714" c8="0.00236672" c9="0.276625" dim="61" m11="-0.429262" m12="-0.827899" m13="0.360996" m21="-0.697472" m22="0.557801" m23="0.449879" m31="-0.573818" m32="-0.0586685" m33="-0.816879" planner_index="0" v1="0.576707" v2="-0.131255" v3="0.160501"></first>
        <second m11="0.999771" m12="-0.0100809" m13="-0.0188985" m21="0.0108955" m22="0.998994" m23="0.0435096" m31="0.0184409" m32="-0.0437055" m33="0.998874" v1="0.00237662" v2="-0.00159698" v3="-0.0280677"></second>
      </equation>
      <equation>
        <first c1="1.38156" c10="0.116195" c11="0.116195" c12="0.0153498" c13="-0.0434271" c14="0" c15="0" c16="-0.0159248" c17="0.0550129" c18="0.227463" c19="0.148923" c2="-1.49331" c20="0.0370833" c21="0.179185" c22="0.0673937" c23="0.0673937" c24="-0.0356482" c25="0.105493" c26="0.0700074" c27="0.132839" c28="-1.7634" c29="0.287984" c3="1.88968" c30="0.452492" c31="-1.71607" c32="0.318076" c33="0.153021" c34="-1.15053" c35="0" c36="0" c37="0" c38="0" c39="0" c4="-0.00121183" c40="0" c41="0" c42="0" c43="0" c44="0" c45="0" c46="0" c47="0" c48="0" c49="0" c5="2.91611" c50="0" c51="0" c52="0" c53="0" c54="0" c55="0" c56="0" c57="0" c58="0" c59="0" c6="-0.775679" c60="0" c61="0" c7="-2.84485" c8="0.00236672" c9="0.276625" dim="61" m11="-0.752173" m12="0.327223" m13="0.57198" m21="0.257128" m22="0.944933" m23="-0.202452" m31="-0.606729" m32="-0.00520727" m33="-0.794891" planner_index="0" v1="0.773496" v2="-0.525839" v3="0.159836"></first>
        <second m11="0.999844" m12="-0.0107354" m13="0.0140457" m21="0.0103131" m22="0.999502" m23="0.0298065" m31="-0.0143587" m32="-0.029657" m33="0.999457" v1="0.00555278" v2="-0.00050164" v3="-0.00770494"></second>
      </equation>
      <equation>
        <first c1="2.88563" c10="0.116195" c11="0.116195" c12="0.0147913" c13="-0.0439856" c14="0" c15="0" c16="-0.0159248" c17="0.0550129" c18="0.227463" c19="0.148923" c2="-0.181342" c20="0.0365248" c21="0.178627" c22="0.0673937" c23="0.0673937" c24="-0.0356482" c25="0.105493" c26="0.0700074" c27="0.132839" c28="-1.7634" c29="0.287984" c3="1.52451" c30="0.452492" c31="-1.71607" c32="0.318076" c33="0.153021" c34="-1.15053" c35="0" c36="0" c37="0" c38="0" c39="0" c4="-2.0944" c40="0" c41="0" c42="0" c43="0" c44="0" c45="0" c46="0" c47="0" c48="0" c49="0" c5="1.80456" c50="0" c51="0" c52="0" c53="0" c54="0" c55="0" c56="0" c57="0" c58="0" c59="0" c6="-2.03494" c60="0" c61="0" c7="-0.182036" c8="0.00292523" c9="0.2783" dim="61" m11="0.449981" m12="0.525065" m13="-0.722374" m21="0.401877" m22="-0.84142" m23="-0.361258" m31="-0.797504" m32="-0.127746" m33="-0.589634" planner_index="0" v1="0.331863" v2="-0.642638" v3="0.278177"></first>
        <second m11="0.999888" m12="-0.00234624" m13="-0.0147762" m21="0.00238016" m22="0.999995" m23="0.00227868" m31="0.0147708" m32="-0.0023136" m33="0.999888" v1="-0.00360301" v2="0.00245386" v3="-0.00732255"></second>
      </equation>
      <equation>
        <first c1="2.6328" c10="0.116195" c11="0.116195" c12="0.0142328" c13="-0.0445441" c14="0" c15="0" c16="-0.0159248" c17="0.0550129" c18="0.227463" c19="0.148923" c2="-0.416426" c20="0.0382003" c21="0.180303" c22="0.0673937" c23="0.0673937" c24="-0.0356482" c25="0.105493" c26="0.0700074" c27="0.132839" c28="-1.7634" c29="0.287984" c3="1.63907" c30="0.452492" c31="-1.71607" c32="0.318076" c33="0.153021" c34="-1.15053" c35="0" c36="0" c37="0" c38="0" c39="0" c4="-1.95017" c40="0" c41="0" c42="0" c43="0" c44="0" c45="0" c46="0" c47="0" c48="0" c49="0" c5="1.50646" c50="0" c51="0" c52="0" c53="0" c54="0" c55="0" c56="0" c57="0" c58="0" c59="0" c6="-1.63663" c60="0" c61="0" c7="-0.603717" c8="0.000132703" c9="0.275508" dim="61" m11="0.302162" m12="0.865093" m13="-0.40039" m21="0.553223" m22="-0.501194" m23="-0.665393" m31="-0.7763" m32="-0.0204483" m33="-0.630032" planner_index="0" v1="0.377012" v2="-0.661651" v3="0.2817"></first>
        <second m11="0.999969" m12="-0.00329369" m13="-0.00714933" m21="0.00325143" m22="0.999977" m23="-0.0059143" m31="0.00716865" m32="0.00589088" m33="0.999957" v1="-0.00379073" v2="-0.00148267" v3="-0.000650438"></second>
      </equation>
      <equation>
        <first c1="2.26215" c10="0.116195" c11="0.116195" c12="0.0142328" c13="-0.0445441" c14="0" c15="0" c16="-0.0159248" c17="0.0550129" c18="0.226207" c19="0.147667" c2="-0.971936" c20="0.0382003" c21="0.180303" c22="0.0673937" c23="0.0673937" c24="-0.0356482" c25="0.105493" c26="0.0700074" c27="0.132839" c28="-1.7634" c29="0.287984" c3="1.63185" c30="0.452492" c31="-1.71607" c32="0.318076" c33="0.153021" c34="-1.15053" c35="0" c36="0" c37="0" c38="0" c39="0" c4="-1.49897" c40="0" c41="0" c42="0" c43="0" c44="0" c45="0" c46="0" c47="0" c48="0" c49="0" c5="1.66633" c50="0" c51="0" c52="0" c53="0" c54="0" c55="0" c56="0" c57="0" c58="0" c59="0" c6="-0.867478" c60="0" c61="0" c7="-1.11296" c8="-0.000425804" c9="0.276066" dim="61" m11="-0.123904" m12="0.985621" m13="0.114884" m21="0.618558" m22="0.167247" m23="-0.767733" m31="-0.775908" m32="-0.0240632" m33="-0.630387" planner_index="0" v1="0.530197" v2="-0.659424" v3="0.281976"></first>
        <second m11="0.999985" m12="0.00515598" m13="0.00171338" m21="-0.00516287" m22="0.999979" m23="0.00403946" m31="-0.00169251" m32="-0.00404825" m33="0.99999" v1="0.00393168" v2="0.0023176" v3="-0.00112094"></second>
      </equation>
      <equation>
        <first c1="2.15823" c10="0.116195" c11="0.116195" c12="0.0142328" c13="-0.0445441" c14="0" c15="0" c16="-0.0159248" c17="0.0550129" c18="0.227463" c19="0.148923" c2="-1.2402" c20="0.0382003" c21="0.180303" c22="0.0673937" c23="0.0673937" c24="-0.0356482" c25="0.105493" c26="0.0700074" c27="0.132839" c28="-1.7634" c29="0.287984" c3="1.51406" c30="0.452492" c31="-1.71607" c32="0.318076" c33="0.153021" c34="-1.15053" c35="0" c36="0" c37="0" c38="0" c39="0" c4="-1.31094" c40="0" c41="0" c42="0" c43="0" c44="0" c45="0" c46="0" c47="0" c48="0" c49="0" c5="1.95722" c50="0" c51="0" c52="0" c53="0" c54="0" c55="0" c56="0" c57="0" c58="0" c59="0" c6="-0.516212" c60="0" c61="0" c7="-1.41404" c8="-0.000425804" c9="0.276066" dim="61" m11="-0.332132" m12="0.865655" m13="0.374606" m21="0.5364" m22="0.500023" m23="-0.679891" m31="-0.775863" m32="-0.0248745" m33="-0.630411" planner_index="0" v1="0.59659" v2="-0.61901" v3="0.281861"></first>
        <second m11="0.999978" m12="0.00543831" m13="0.00379561" m21="-0.00549736" m22="0.999861" m23="0.0157261" m31="-0.00370956" m32="-0.0157466" m33="0.999869" v1="0.00554176" v2="0.002392" v3="-0.00572077"></second>
      </equation>
      <equation>
        <first c1="2.09701" c10="0.116195" c11="0.116195" c12="0.0142328" c13="-0.0445441" c14="0" c15="0" c16="-0.0159248" c17="0.0550129" c18="0.226207" c19="0.147667" c2="-1.30851" c20="0.0382003" c21="0.180303" c22="0.0673937" c23="0.0673937" c24="-0.0356482" c25="0.105493" c26="0.0700074" c27="0.132839" c28="-1.7634" c29="0.287984" c3="1.62627" c30="0.452492" c31="-1.71607" c32="0.318076" c33="0.153021" c34="-1.15053" c35="0" c36="0" c37="0" c38="0" c39="0" c4="-1.16809" c40="0" c41="0" c42="0" c43="0" c44="0" c45="0" c46="0" c47="0" c48="0" c49="0" c5="2.02662" c50="0" c51="0" c52="0" c53="0" c54="0" c55="0" c56="0" c57="0" c58="0" c59="0" c6="-0.38447" c60="0" c61="0" c7="-1.67681" c8="0.00180821" c9="0.277183" dim="61" m11="-0.493877" m12="0.645965" m13="0.582079" m21="0.395192" m22="0.763033" m23="-0.511472" m31="-0.774538" m32="-0.0225713" m33="-0.632124" planner_index="0" v1="0.646098" v2="-0.558454" v3="0.282023"></first>
        <second m11="0.999945" m12="0.0075109" m13="0.00735172" m21="-0.00772249" m22="0.999544" m23="0.0291893" m31="-0.00712913" m32="-0.0292445" m33="0.999547" v1="0.00756157" v2="0.00614977" v3="-0.0105579"></second>
      </equation>
      <equation>
        <first c1="2.08145" c10="0.116195" c11="0.116195" c12="0.0142328" c13="-0.0445441" c14="0" c15="0" c16="-0.0159248" c17="0.0550129" c18="0.226207" c19="0.147667" c2="-1.39394" c20="0.0382003" c21="0.180303" c22="0.0673937" c23="0.0673937" c24="-0.0356482" c25="0.105493" c26="0.0700074" c27="0.132839" c28="-1.7634" c29="0.287984" c3="1.93355" c30="0.452492" c31="-1.71607" c32="0.318076" c33="0.153021" c34="-1.15053" c35="0" c36="0" c37="0" c38="0" c39="0" c4="-1.11587" c40="0" c41="0" c42="0" c43="0" c44="0" c45="0" c46="0" c47="0" c48="0" c49="0" c5="2.23609" c50="0" c51="0" c52="0" c53="0" c54="0" c55="0" c56="0" c57="0" c58="0" c59="0" c6="-0.160195" c60="0" c61="0" c7="-2.34661" c8="-0.00098431" c9="0.274391" dim="61" m11="-0.630778" m12="0.00236195" m13="0.77596" m21="-0.0148262" m22="0.999776" m23="-0.0150954" m31="-0.775822" m32="-0.0210264" m33="-0.630602" planner_index="0" v1="0.669861" v2="-0.407384" v3="0.281769"></first>
        <second m11="0.999561" m12="-0.0273492" m13="0.0114288" m21="0.0271728" m22="0.999513" m23="0.0153156" m31="-0.0118421" m32="-0.0149983" m33="0.999817" v1="-0.00541677" v2="-0.0158804" v3="-0.00121938"></second>
      </equation>
      <equation>
        <first c1="2.02629" c10="0.116195" c11="0.116195" c12="0.0142328" c13="-0.0445441" c14="0" c15="0" c16="-0.0159248" c17="0.0550129" c18="0.227463" c19="0.148923" c2="-1.28912" c20="0.0382003" c21="0.180303" c22="0.0673937" c23="0.0673937" c24="-0.0356482" c25="0.105493" c26="0.0700074" c27="0.132839" c28="-1.7634" c29="0.287984" c3="2.32768" c30="0.452492" c31="-1.71607" c32="0.318076" c33="0.153021" c34="-1.15053" c35="0" c36="0" c37="0" c38="0" c39="0" c4="-1.21437" c40="0" c41="0" c42="0" c43="0" c44="0" c45="0" c46="0" c47="0" c48="0" c49="0" c5="1.84963" c50="0" c51="0" c52="0" c53="0" c54="0" c55="0" c56="0" c57="0" c58="0" c59="0" c6="-0.197788" c60="0" c61="0" c7="-2.40685" c8="-0.00098431" c9="0.274391" dim="61" m11="-0.587048" m12="-0.339718" m13="0.734824" m21="-0.229841" m22="0.940282" m23="0.251085" m31="-0.776239" m32="-0.0214932" m33="-0.630072" planner_index="0" v1="0.641984" v2="-0.334707" v3="0.281726"></first>
        <second m11="0.999996" m12="0.00261084" m13="-0.000878202" m21="-0.00256356" m22="0.998741" m23="0.0501071" m31="0.00100792" m32="-0.0501047" m33="0.998743" v1="0.00582871" v2="0.00745332" v3="-0.0239927"></second>
      </equation>
      <equation>
        <first c1="2.00828" c10="0.116195" c11="0.116195" c12="0.0142328" c13="-0.0445441" c14="0" c15="0" c16="-0.0159248" c17="0.0550129" c18="0.227463" c19="0.148923" c2="-1.25271" c20="0.0382003" c21="0.180303" c22="0.0673937" c23="0.0673937" c24="-0.0356482" c25="0.105493" c26="0.0700074" c27="0.132839" c28="-1.7634" c29="0.287984" c3="2.52975" c30="0.452492" c31="-1.71607" c32="0.318076" c33="0.153021" c34="-1.15053" c35="0" c36="0" c37="0" c38="0" c39="0" c4="-1.37593" c40="0" c41="0" c42="0" c43="0" c44="0" c45="0" c46="0" c47="0" c48="0" c49="0" c5="1.9518" c50="0" c51="0" c52="0" c53="0" c54="0" c55="0" c56="0" c57="0" c58="0" c59="0" c6="-0.173319" c60="0" c61="0" c7="-2.78067" c8="-0.00098431" c9="0.274391" dim="61" m11="-0.473063" m12="-0.640823" m13="0.604613" m21="-0.416795" m22="0.767387" m23="0.487236" m31="-0.776204" m32="-0.0215062" m33="-0.630115" planner_index="0" v1="0.590965" v2="-0.276001" v3="0.281708"></first>
        <second m11="0.999985" m12="-0.000271535" m13="-0.00549261" m21="0.00053284" m22="0.998865" m23="0.0476285" m31="0.00547344" m32="-0.0476307" m33="0.99885" v1="0.00396206" v2="0.00535857" v3="-0.0245103"></second>
      </equation>
      <equation>
        <first c1="2.21925" c10="0.116195" c11="0.116195" c12="0.0142328" c13="-0.0445441" c14="0" c15="0" c16="-0.0159248" c17="0.0550129" c18="0.227463" c19="0.148923" c2="-1.27569" c20="0.0365248" c21="0.178627" c22="0.0673937" c23="0.0673937" c24="-0.0356482" c25="0.105493" c26="0.0700074" c27="0.132839" c28="-1.7634" c29="0.287984" c3="2.48293" c30="0.452492" c31="-1.71607" c32="0.318074" c33="0.153021" c34="-1.15053" c35="0" c36="0" c37="0" c38="0" c39="0" c4="-1.80388" c40="0" c41="0" c42="0" c43="0" c44="0" c45="0" c46="0" c47="0" c48="0" c49="0" c5="0.808121" c50="0" c51="0" c52="0" c53="0" c54="0" c55="0" c56="0" c57="0" c58="0" c59="0" c6="0.241166" c60="0" c61="0" c7="-1.88787" c8="-0.00154282" c9="0.274949" dim="61" m11="-0.0946964" m12="-0.98415" m13="0.149941" m21="-0.623216" m22="0.176058" m23="0.761975" m31="-0.776295" m32="-0.0212892" m33="-0.63001" planner_index="0" v1="0.44616" v2="-0.226112" v3="0.281701"></first>
        <second m11="0.999757" m12="0.00554214" m13="-0.02133" m21="-0.00471837" m22="0.999248" m23="0.038479" m31="0.0215272" m32="-0.038369" m33="0.999032" v1="0.00375682" v2="0.00580333" v3="-0.0279159"></second>
      </equation>
      <equation>
        <first c1="2.27175" c10="0.116195" c11="0.116195" c12="0.0142328" c13="-0.0445441" c14="0" c15="0" c16="-0.0159248" c17="0.0550129" c18="0.227463" c19="0.148923" c2="-1.20651" c20="0.0376418" c21="0.179744" c22="0.0673937" c23="0.0673937" c24="-0.0356482" c25="0.105493" c26="0.0700074" c27="0.132839" c28="-1.7634" c29="0.287984" c3="2.50995" c30="0.452492" c31="-1.71607" c32="0.318076" c33="0.153021" c34="-1.15053" c35="0" c36="0" c37="0" c38="0" c39="0" c4="-2.03665" c40="0" c41="0" c42="0" c43="0" c44="0" c45="0" c46="0" c47="0" c48="0" c49="0" c5="0.727902" c50="0" c51="0" c52="0" c53="0" c54="0" c55="0" c56="0" c57="0" c58="0" c59="0" c6="0.358564" c60="0" c61="0" c7="-2.04094" c8="-0.00154282" c9="0.274949" dim="61" m11="0.124351" m12="-0.984989" m13="-0.119719" m21="-0.617991" m22="-0.171279" m23="0.767301" m31="-0.776289" m32="-0.0214292" m33="-0.630013" planner_index="0" v1="0.369801" v2="-0.240919" v3="0.281711"></first>
        <second m11="0.99971" m12="0.00852727" m13="-0.0225252" m21="-0.00764159" m22="0.999205" m23="0.0391176" m31="0.0228408" m32="-0.0389341" m33="0.998981" v1="0.00399282" v2="0.00778193" v3="-0.0288404"></second>
      </equation>
      <equation>
        <first c1="2.83746" c10="0.116195" c11="0.116195" c12="0.0142328" c13="-0.0445441" c14="0" c15="0" c16="-0.0159248" c17="0.0550129" c18="0.226207" c19="0.147667" c2="-0.267254" c20="0.0365248" c21="0.181978" c22="0.0673937" c23="0.0673937" c24="-0.0356482" c25="0.105493" c26="0.0700074" c27="0.132839" c28="-1.7634" c29="0.287984" c3="0.989925" c30="0.452492" c31="-1.71607" c32="0.318076" c33="0.153021" c34="-1.15053" c35="0" c36="0" c37="0" c38="0" c39="0" c4="-2.09439" c40="0" c41="0" c42="0" c43="0" c44="0" c45="0" c46="0" c47="0" c48="0" c49="0" c5="1.62764" c50="0" c51="0" c52="0" c53="0" c54="0" c55="0" c56="0" c57="0" c58="0" c59="0" c6="-1.1965" c60="0" c61="0" c7="-0.328178" c8="0.00404225" c9="0.2783" dim="61" m11="0.61396" m12="0.572394" m13="-0.543523" m21="0.537661" m22="-0.807401" m23="-0.24295" m31="-0.577904" m32="-0.14307" m33="-0.803466" planner_index="0" v1="0.232076" v2="-0.719373" v3="0.154899"></first>
        <second m11="0.999761" m12="-0.00190599" m13="-0.0217573" m21="0.00187993" m22="0.999997" m23="-0.00121817" m31="0.0217596" m32="0.00117697" m33="0.999763" v1="-0.0034066" v2="-0.00127135" v3="-0.00894281"></second>
      </equation>
      <equation>
        <first c1="2.75262" c10="0.116195" c11="0.116195" c12="0.0142328" c13="-0.0445441" c14="0" c15="0" c16="-0.0159248" c17="0.0550129" c18="0.227463" c19="0.148923" c2="0.0628561" c20="0.0376418" c21="0.180861" c22="0.0673937" c23="0.0673937" c24="-0.0356482" c25="0.105493" c26="0.0700074" c27="0.132839" c28="-1.7634" c29="0.287984" c3="1.42345" c30="0.452492" c31="-1.71607" c32="0.318074" c33="0.153021" c34="-1.15053" c35="0" c36="0" c37="0" c38="0" c39="0" c4="-1.83556" c40="0" c41="0" c42="0" c43="0" c44="0" c45="0" c46="0" c47="0" c48="0" c49="0" c5="1.20828" c50="0" c51="0" c52="0" c53="0" c54="0" c55="0" c56="0" c57="0" c58="0" c59="0" c6="-1.43957" c60="0" c61="0" c7="-0.740246" c8="0.00404225" c9="0.2783" dim="61" m11="0.401656" m12="0.867797" m13="-0.292576" m21="0.726062" m22="-0.496461" m23="-0.475774" m31="-0.558128" m32="-0.0213311" m33="-0.829481" planner_index="0" v1="0.316504" v2="-0.766558" v3="0.161233"></first>
        <second m11="0.999946" m12="-0.00721514" m13="-0.00753724" m21="0.00715065" m22="0.999938" m23="-0.00854842" m31="0.00759845" m32="0.00849406" m33="0.999935" v1="-0.00460442" v2="-0.00395181" v3="0.00085657"></second>
      </equation>
      <equation>
        <first c1="1.61782" c10="0.116195" c11="0.116195" c12="0.0142328" c13="-0.0445441" c14="0" c15="0" c16="-0.0159248" c17="0.0550129" c18="0.226207" c19="0.147667" c2="-0.620335" c20="0.0382003" c21="0.180303" c22="0.0673937" c23="0.0673937" c24="-0.0356482" c25="0.105493" c26="0.0700074" c27="0.132839" c28="-1.7634" c29="0.287984" c3="2.40445" c30="0.452492" c31="-1.71607" c32="0.318074" c33="0.153021" c34="-1.15053" c35="0" c36="0" c37="0" c38="0" c39="0" c4="-1.14066" c40="0" c41="0" c42="0" c43="0" c44="0" c45="0" c46="0" c47="0" c48="0" c49="0" c5="1.52368" c50="0" c51="0" c52="0" c53="0" c54="0" c55="0" c56="0" c57="0" c58="0" c59="0" c6="-0.937901" c60="0" c61="0" c7="-1.4385" c8="0.00236672" c9="0.276625" dim="61" m11="-0.159062" m12="0.983879" m13="0.0817425" m21="0.814414" m22="0.177564" m23="-0.55245" m31="-0.558058" m32="-0.0213016" m33="-0.829528" planner_index="0" v1="0.551215" v2="-0.77831" v3="0.161238"></first>
        <second m11="0.999997" m12="-0.000150811" m13="0.00260942" m21="0.000133526" m22="0.999978" m23="0.00662305" m31="-0.00261036" m32="-0.00662268" m33="0.999975" v1="0.00262744" v2="0.00153586" v3="-0.00358909"></second>
      </equation>
      <equation>
        <first c1="1.60445" c10="0.116195" c11="0.116195" c12="0.0142328" c13="-0.0445441" c14="0" c15="0" c16="-0.0159248" c17="0.0550129" c18="0.227463" c19="0.148923" c2="-0.969014" c20="0.0382003" c21="0.180303" c22="0.0673937" c23="0.0673937" c24="-0.0356482" c25="0.105493" c26="0.0700074" c27="0.132839" c28="-1.7634" c29="0.287984" c3="2.19812" c30="0.452492" c31="-1.71607" c32="0.318074" c33="0.153021" c34="-1.15053" c35="0" c36="0" c37="0" c38="0" c39="0" c4="-0.773127" c40="0" c41="0" c42="0" c43="0" c44="0" c45="0" c46="0" c47="0" c48="0" c49="0" c5="1.9854" c50="0" c51="0" c52="0" c53="0" c54="0" c55="0" c56="0" c57="0" c58="0" c59="0" c6="-0.737945" c60="0" c61="0" c7="-1.91152" c8="0.00236672" c9="0.276625" dim="61" m11="-0.427916" m12="0.863848" m13="0.265811" m21="0.710956" m22="0.503307" m23="-0.491145" m31="-0.558059" m32="-0.0211885" m33="-0.829531" planner_index="0" v1="0.657388" v2="-0.723893" v3="0.161243"></first>
        <second m11="0.999965" m12="0.00360361" m13="0.00761526" m21="-0.00373898" m22="0.999834" m23="0.0178363" m31="-0.00754972" m32="-0.0178642" m33="0.999812" v1="0.00669624" v2="0.00429979" v3="-0.00625317"></second>
      </equation>
      <equation>
        <first c1="1.50952" c10="0.116195" c11="0.116195" c12="0.0142328" c13="-0.0445441" c14="0" c15="0" c16="-0.0159248" c17="0.0550129" c18="0.227463" c19="0.148923" c2="-1.30223" c20="0.0382003" c21="0.180303" c22="0.0673937" c23="0.0673937" c24="-0.0356482" c25="0.105493" c26="0.0700074" c27="0.132839" c28="-1.7634" c29="0.287984" c3="1.84202" c30="0.452492" c31="-1.71607" c32="0.318074" c33="0.153021" c34="-1.15053" c35="0" c36="0" c37="0" c38="0" c39="0" c4="-0.354121" c40="0" c41="0" c42="0" c43="0" c44="0" c45="0" c46="0" c47="0" c48="0" c49="0" c5="2.76068" c50="0" c51="0" c52="0" c53="0" c54="0" c55="0" c56="0" c57="0" c58="0" c59="0" c6="-0.720805" c60="0" c61="0" c7="-2.50763" c8="0.00236672" c9="0.276625" dim="61" m11="-0.646176" m12="0.639183" m13="0.417016" m21="0.521485" m22="0.768747" m23="-0.370246" m31="-0.557234" m32="-0.0217772" m33="-0.83007" planner_index="0" v1="0.73858" v2="-0.636504" v3="0.161272"></first>
        <second m11="0.999963" m12="0.000281039" m13="0.00859564" m21="-0.000506211" m22="0.999656" m23="0.026205" m31="-0.00858533" m32="-0.0262084" m33="0.99962" v1="0.00711125" v2="0.00355873" v3="-0.00977532"></second>
      </equation>
      <equation>
        <first c1="1.42778" c10="0.116195" c11="0.116195" c12="0.0142328" c13="-0.0445441" c14="0" c15="0" c16="-0.0159248" c17="0.0550129" c18="0.227463" c19="0.148923" c2="-1.60293" c20="0.0382003" c21="0.180303" c22="0.0673937" c23="0.0673937" c24="-0.0356482" c25="0.105493" c26="0.0700074" c27="0.132839" c28="-1.7634" c29="0.287984" c3="2.96075" c30="0.452492" c31="-1.71607" c32="0.318076" c33="0.153021" c34="-1.15053" c35="0" c36="0" c37="0" c38="0" c39="0" c4="-0.0822162" c40="0" c41="0" c42="0" c43="0" c44="0" c45="0" c46="0" c47="0" c48="0" c49="0" c5="1.85392" c50="0" c51="0" c52="0" c53="0" c54="0" c55="0" c56="0" c57="0" c58="0" c59="0" c6="-0.734945" c60="0" c61="0" c7="-2.96674" c8="0.000691209" c9="0.274949" dim="61" m11="-0.786953" m12="0.0426522" m13="0.615537" m21="0.0115809" m22="0.998453" m23="-0.0543795" m31="-0.616904" m32="-0.0356656" m33="-0.78623" planner_index="0" v1="0.778405" v2="-0.404077" v3="0.158985"></first>
        <second m11="0.999798" m12="-0.0200751" m13="-0.00121302" m21="0.0201036" m22="0.999287" m23="0.0319592" m31="0.000570573" m32="-0.0319772" m33="0.999488" v1="-0.00179957" v2="-0.00410846" v3="-0.0145227"></second>
      </equation>
      <equation>
        <first c1="1.49082" c10="0.116195" c11="0.116195" c12="0.0142328" c13="-0.0445441" c14="0" c15="0" c16="-0.0159248" c17="0.0550129" c18="0.227463" c19="0.148923" c2="-1.58731" c20="0.0382003" c21="0.180303" c22="0.0673937" c23="0.0673937" c24="-0.0356482" c25="0.105493" c26="0.0700074" c27="0.132839" c28="-1.7634" c29="0.287984" c3="2.96707" c30="0.452492" c31="-1.71607" c32="0.318074" c33="0.153021" c34="-1.15053" c35="0" c36="0" c37="0" c38="0" c39="0" c4="-0.416072" c40="0" c41="0" c42="0" c43="0" c44="0" c45="0" c46="0" c47="0" c48="0" c49="0" c5="1.78683" c50="0" c51="0" c52="0" c53="0" c54="0" c55="0" c56="0" c57="0" c58="0" c59="0" c6="-0.707112" c60="0" c61="0" c7="-2.96713" c8="0.000691209" c9="0.274949" dim="61" m11="-0.770121" m12="-0.274576" m13="0.575779" m21="-0.250138" m22="0.960316" m23="0.123386" m31="-0.586809" m32="-0.0490022" m33="-0.808241" planner_index="0" v1="0.749462" v2="-0.289108" v3="0.159632"></first>
        <second m11="0.999899" m12="-0.00958064" m13="-0.0105312" m21="0.0100328" m22="0.998992" m23="0.0437514" m31="0.0101014" m32="-0.0438526" m33="0.998987" v1="0.000552892" v2="0.00336468" v3="-0.0245199"></second>
      </equation>
      <equation>
        <first c1="1.55055" c10="0.116195" c11="0.116195" c12="0.0142328" c13="-0.0445441" c14="0" c15="0" c16="-0.0159248" c17="0.0550129" c18="0.227463" c19="0.148923" c2="-1.54741" c20="0.0382003" c21="0.180303" c22="0.0673937" c23="0.0673937" c24="-0.0356482" c25="0.105493" c26="0.0700074" c27="0.132839" c28="-1.7634" c29="0.287984" c3="2.96578" c30="0.452492" c31="-1.71607" c32="0.318076" c33="0.153021" c34="-1.15053" c35="0" c36="0" c37="0" c38="0" c39="0" c4="-0.795842" c40="0" c41="0" c42="0" c43="0" c44="0" c45="0" c46="0" c47="0" c48="0" c49="0" c5="1.71482" c50="0" c51="0" c52="0" c53="0" c54="0" c55="0" c56="0" c57="0" c58="0" c59="0" c6="-0.648695" c60="0" c61="0" c7="-2.96714" c8="0.000691209" c9="0.274949" dim="61" m11="-0.641655" m12="-0.587331" m13="0.493277" m21="-0.505949" m22="0.807479" m23="0.303303" m31="-0.57645" m32="-0.0549574" m33="-0.815282" planner_index="0" v1="0.677981" v2="-0.194895" v3="0.160322"></first>
        <second m11="0.999845" m12="-0.0125539" m13="-0.0123758" m21="0.0130618" m22="0.999038" m23="0.0418516" m31="0.0118385" m32="-0.0420068" m33="0.999047" v1="-0.000772353" v2="0.00101118" v3="-0.0242833"></second>
      </equation>
      <equation>
        <first c1="1.69047" c10="0.116195" c11="0.116195" c12="0.0142328" c13="-0.0445441" c14="0" c15="0" c16="-0.0159248" c17="0.0550129" c18="0.226207" c19="0.147667" c2="-1.49396" c20="0.0365248" c21="0.181978" c22="0.0673937" c23="0.0673937" c24="-0.0356482" c25="0.105493" c26="0.0700074" c27="0.132839" c28="-1.7634" c29="0.287984" c3="2.89689" c30="0.452492" c31="-1.71607" c32="0.318074" c33="0.153021" c34="-1.15053" c35="0" c36="0" c37="0" c38="0" c39="0" c4="-1.50917" c40="0" c41="0" c42="0" c43="0" c44="0" c45="0" c46="0" c47="0" c48="0" c49="0" c5="1.56995" c50="0" c51="0" c52="0" c53="0" c54="0" c55="0" c56="0" c57="0" c58="0" c59="0" c6="-0.48778" c60="0" c61="0" c7="-2.96699" c8="0.00236672" c9="0.276625" dim="61" m11="-0.160617" m12="-0.968445" m13="0.19057" m21="-0.805226" m22="0.240226" m23="0.542127" m31="-0.5708" m32="-0.066377" m33="-0.818402" planner_index="0" v1="0.459784" v2="-0.106445" v3="0.160205"></first>
        <second m11="0.999556" m12="-0.00362629" m13="-0.029577" m21="0.00475349" m22="0.999261" m23="0.0381299" m31="0.0294169" m32="-0.0382536" m33="0.998835" v1="-0.000902668" v2="0.00370701" v3="-0.0307434"></second>
      </equation>
      <equation>
        <first c1="2.21526" c10="0.116195" c11="0.116195" c12="0.0142328" c13="-0.0445441" c14="0" c15="0" c16="-0.0159248" c17="0.0550129" c18="0.227463" c19="0.148923" c2="-1.72077" c20="0.0382003" c21="0.180303" c22="0.0673937" c23="0.0673937" c24="-0.0356482" c25="0.105493" c26="0.0700074" c27="0.132839" c28="-1.7634" c29="0.287984" c3="2.43857" c30="0.452492" c31="-1.71607" c32="0.318074" c33="0.153021" c34="-1.15053" c35="0" c36="0" c37="0" c38="0" c39="0" c4="-1.83135" c40="0" c41="0" c42="0" c43="0" c44="0" c45="0" c46="0" c47="0" c48="0" c49="0" c5="1.0373" c50="0" c51="0" c52="0" c53="0" c54="0" c55="0" c56="0" c57="0" c58="0" c59="0" c6="0.185774" c60="0" c61="0" c7="-2.20077" c8="0.00236672" c9="0.276625" dim="61" m11="0.15891" m12="-0.983888" m13="-0.0819265" m21="-0.814389" m22="-0.177539" m23="0.552495" m31="-0.558138" m32="-0.0210769" m33="-0.82948" planner_index="0" v1="0.348792" v2="-0.121685" v3="0.161238"></first>
        <second m11="0.99949" m12="0.00348979" m13="-0.0317499" m21="-0.00222406" m22="0.999205" m23="0.0398139" m31="0.0318636" m32="-0.0397229" m33="0.998703" v1="0.00131225" v2="0.00530721" v3="-0.0319007"></second>
      </equation>
      <equation>
        <first c1="2.24194" c10="0.116195" c11="0.116195" c12="0.0142328" c13="-0.0445441" c14="0" c15="0" c16="-0.0159248" c17="0.0550129" c18="0.227463" c19="0.148923" c2="-0.780099" c20="0.0365248" c21="0.178627" c22="0.0673937" c23="0.0673937" c24="-0.0356482" c25="0.105493" c26="0.0700074" c27="0.132839" c28="-1.7634" c29="0.287984" c3="2.56492" c30="0.452492" c31="-1.71607" c32="0.318074" c33="0.153021" c34="-1.15053" c35="0" c36="0" c37="0" c38="0" c39="0" c4="-1.99425" c40="0" c41="0" c42="0" c43="0" c44="0" c45="0" c46="0" c47="0" c48="0" c49="0" c5="0.489681" c50="0" c51="0" c52="0" c53="0" c54="0" c55="0" c56="0" c57="0" c58="0" c59="0" c6="-1.03596" c60="0" c61="0" c7="-1.15262" c8="0.00180821" c9="0.277183" dim="61" m11="-0.178334" m12="0.0904674" m13="0.979802" m21="0.0122253" m22="0.995891" m23="-0.0897279" m31="-0.983894" m32="-0.00402322" m33="-0.178708" planner_index="0" v1="0.418527" v2="-0.368621" v3="0.359351"></first>
        <second m11="0.999891" m12="-0.00137998" m13="0.0147321" m21="0.000807563" m22="0.999247" m23="0.0387907" m31="-0.0147746" m32="-0.0387746" m33="0.999139" v1="0.00170257" v2="0.00140954" v3="-0.0119579"></second>
      </equation>
      <equation>
        <first c1="1.98704" c10="0.116195" c11="0.116195" c12="0.0142328" c13="-0.0445441" c14="0" c15="0" c16="-0.0159248" c17="0.0550129" c18="0.227463" c19="0.148923" c2="-1.82023" c20="0.0382003" c21="0.180303" c22="0.0673937" c23="0.0673937" c24="-0.0356482" c25="0.105493" c26="0.0700074" c27="0.132839" c28="-1.7634" c29="0.287984" c3="2.68372" c30="0.452492" c31="-1.71607" c32="0.318074" c33="0.153021" c34="-1.15053" c35="0" c36="0" c37="0" c38="0" c39="0" c4="-0.99367" c40="0" c41="0" c42="0" c43="0" c44="0" c45="0" c46="0" c47="0" c48="0" c49="0" c5="-0.472126" c50="0" c51="0" c52="0" c53="0" c54="0" c55="0" c56="0" c57="0" c58="0" c59="0" c6="0.701136" c60="0" c61="0" c7="-0.601656" c8="0.00124971" c9="0.275508" dim="61" m11="-0.110398" m12="-0.992321" m13="0.0557739" m21="-0.870354" m22="0.12362" m23="0.476658" m31="-0.479892" m32="0.00407898" m33="-0.877318" planner_index="0" v1="0.535347" v2="0.0124493" v3="0.25092"></first>
        <second m11="0.999392" m12="-0.0151564" m13="-0.0313965" m21="0.0167316" m22="0.998582" m23="0.050533" m31="0.0305861" m32="-0.0510276" m33="0.998229" v1="-0.00647911" v2="-0.00121759" v3="-0.0400842"></second>
      </equation>
      <equation>
        <first c1="1.60131" c10="0.116195" c11="0.116195" c12="0.0142328" c13="-0.0445441" c14="0" c15="0" c16="-0.0159248" c17="0.0550129" c18="0.226207" c19="0.147667" c2="-1.85831" c20="0.0382003" c21="0.180303" c22="0.0673937" c23="0.0673937" c24="-0.0356482" c25="0.105493" c26="0.0700074" c27="0.132839" c28="-1.7634" c29="0.287984" c3="1.77601" c30="0.452492" c31="-1.71607" c32="0.318074" c33="0.153021" c34="-1.15053" c35="0" c36="0" c37="0" c38="0" c39="0" c4="-0.0109437" c40="0" c41="0" c42="0" c43="0" c44="0" c45="0" c46="0" c47="0" c48="0" c49="0" c5="0.450074" c50="0" c51="0" c52="0" c53="0" c54="0" c55="0" c56="0" c57="0" c58="0" c59="0" c6="1.04638" c60="0" c61="0" c7="-0.639194" c8="-0.000425804" c9="0.271598" dim="61" m11="-0.586695" m12="-0.733579" m13="0.343002" m21="-0.584202" m22="0.676726" m23="0.448051" m31="-0.5608" m32="0.0624869" m33="-0.82559" planner_index="0" v1="0.757078" v2="-0.206365" v3="0.247674"></first>
        <second m11="0.999646" m12="-0.0120225" m13="-0.023755" m21="0.0132729" m22="0.998496" m23="0.0532019" m31="0.0230796" m32="-0.0534983" m33="0.998301" v1="-0.00264887" v2="0.00454022" v3="-0.037993"></second>
      </equation>
      <equation>
        <first c1="1.65996" c10="0.116195" c11="0.116195" c12="0.0142328" c13="-0.0445441" c14="0" c15="0" c16="-0.0159248" c17="0.0550129" c18="0.227463" c19="0.148923" c2="-1.53042" c20="0.0376418" c21="0.180861" c22="0.0673937" c23="0.0673937" c24="-0.0356482" c25="0.105493" c26="0.0700074" c27="0.132839" c28="-1.7634" c29="0.287984" c3="1.68962" c30="0.452492" c31="-1.71607" c32="0.318074" c33="0.153021" c34="-1.15053" c35="0" c36="0" c37="0" c38="0" c39="0" c4="-0.361566" c40="0" c41="0" c42="0" c43="0" c44="0" c45="0" c46="0" c47="0" c48="0" c49="0" c5="0.208206" c50="0" c51="0" c52="0" c53="0" c54="0" c55="0" c56="0" c57="0" c58="0" c59="0" c6="0.617516" c60="0" c61="0" c7="-0.0828213" c8="-0.000425804" c9="0.273832" dim="61" m11="-0.768712" m12="0.0199566" m13="0.639284" m21="0.0207553" m22="0.999765" m23="-0.00625239" m31="-0.639259" m32="0.00846222" m33="-0.768945" planner_index="0" v1="0.773981" v2="-0.460169" v3="0.225334"></first>
        <second m11="0.999986" m12="-0.00513036" m13="0.000879306" m21="0.00508871" m22="0.999097" m23="0.042184" m31="-0.00109493" m32="-0.042179" m33="0.999109" v1="0.00268521" v2="0.00526569" v3="-0.0191575"></second>
      </equation>
      <equation>
        <first c1="1.64565" c10="0.116195" c11="0.116195" c12="0.0142328" c13="-0.0445441" c14="0" c15="0" c16="-0.0159248" c17="0.0550129" c18="0.226207" c19="0.147667" c2="-1.20666" c20="0.0382003" c21="0.180303" c22="0.0673937" c23="0.0673937" c24="-0.0356482" c25="0.105493" c26="0.0700074" c27="0.132839" c28="-1.7634" c29="0.287984" c3="1.61824" c30="0.452492" c31="-1.71607" c32="0.318074" c33="0.153021" c34="-1.15053" c35="0" c36="0" c37="0" c38="0" c39="0" c4="-0.496625" c40="0" c41="0" c42="0" c43="0" c44="0" c45="0" c46="0" c47="0" c48="0" c49="0" c5="-0.14301" c50="0" c51="0" c52="0" c53="0" c54="0" c55="0" c56="0" c57="0" c58="0" c59="0" c6="0.587806" c60="0" c61="0" c7="0.634079" c8="0.000691209" c9="0.274949" dim="61" m11="-0.484985" m12="0.723828" m13="0.490777" m21="0.600603" m22="0.683596" m23="-0.414695" m31="-0.635661" m32="0.093641" m33="-0.766268" planner_index="0" v1="0.709244" v2="-0.71046" v3="0.225518"></first>
        <second m11="0.999776" m12="-0.0106677" m13="0.0182886" m21="0.0102295" m22="0.999662" m23="0.0238858" m31="-0.0185373" m32="-0.0236934" m33="0.999547" v1="0.00253084" v2="0.00013074" v3="-0.000867809"></second>
      </equation>
      <equation>
        <first c1="1.7097" c10="0.116195" c11="0.116195" c12="0.0142328" c13="-0.0445441" c14="0" c15="0" c16="-0.0159248" c17="0.0550129" c18="0.227463" c19="0.148923" c2="-0.944045" c20="0.0382003" c21="0.180303" c22="0.0673937" c23="0.0673937" c24="-0.0356482" c25="0.105493" c26="0.0700074" c27="0.132839" c28="-1.7634" c29="0.287984" c3="1.20652" c30="0.452492" c31="-1.71607" c32="0.318074" c33="0.153021" c34="-1.15053" c35="0" c36="0" c37="0" c38="0" c39="0" c4="-0.707629" c40="0" c41="0" c42="0" c43="0" c44="0" c45="0" c46="0" c47="0" c48="0" c49="0" c5="0.1263" c50="0" c51="0" c52="0" c53="0" c54="0" c55="0" c56="0" c57="0" c58="0" c59="0" c6="0.752085" c60="0" c61="0" c7="0.841233" c8="0.00404225" c9="0.2783" dim="61" m11="-0.00618468" m12="0.997805" m13="0.0659342" m21="0.850129" m22="0.0399646" m23="-0.525055" m31="-0.526537" m32="0.0528053" m33="-0.84851" planner_index="0" v1="0.538912" v2="-0.936027" v3="0.25397"></first>
        <second m11="0.999894" m12="-0.0105762" m13="0.010047" m21="0.0105466" m22="0.99994" m23="0.00299693" m31="-0.0100781" m32="-0.00289065" m33="0.999945" v1="0.00232845" v2="-0.000201299" v3="0.00515012"></second>
      </equation>
      <equation>
