<?xml version="1.0" encoding="utf-8"?>

<grasp>
  <sensor>
    <deformation>
      <equation>
        <first dim="0" m11="1" m12="0" m13="0" m21="0" m22="1" m23="0" m31="0" m32="0" m33="1" planner_index="0" v1="0" v2="0" v3="0"></first>
        <second m11="1" m12="0" m13="0" m21="0" m22="1" m23="0" m31="0" m32="0" m33="1" v1="0" v2="0" v3="0"></second>
      </equation>
      <equation>
        <first c1="1.6583" c10="0.115463" c11="0.115463" c12="0.0146677" c13="-0.0416183" c14="-0.00628319" c15="-0.00628319" c16="-0.0555266" c17="0.0685381" c18="0.226271" c19="0.147731" c2="-0.469147" c20="0.0483418" c21="0.171929" c22="0.0623554" c23="0.0623554" c24="-0.0410751" c25="0.111709" c26="0.0617861" c27="0.124618" c28="-2.01417" c29="1.39984" c3="2.67056" c30="0.399099" c31="-1.6672" c32="0.211442" c33="0.449114" c34="-1.90343" c35="0" c36="0" c37="0" c38="0" c39="0" c4="-1.63296" c40="0" c41="0" c42="0" c43="0" c44="0" c45="0" c46="0" c47="0" c48="0" c49="0" c5="1.57551" c50="0" c51="0" c52="0" c53="0" c54="0" c55="0" c56="0" c57="0" c58="0" c59="0" c6="0.231251" c60="0" c61="0" c7="-0.000509619" c8="-0.0240925" c9="0.252366" dim="61" m11="-0.217742" m12="-0.962989" m13="-0.158871" m21="-0.700434" m22="0.267537" m23="-0.661677" m31="0.679692" m32="-0.0327967" m33="-0.732764" planner_index="0" v1="0.442322" v2="0.136409" v3="0.253921"></first>
        <second m11="0.999999" m12="-0.00100685" m13="-0.000248523" m21="0.00101178" m22="0.999786" m23="0.020668" m31="0.00022766" m32="-0.0206683" m33="0.999786" v1="-0.03418" v2="-0.0047801" v3="-0.00867302"></second>
      </equation>
      <equation>
        <first c1="1.6583" c10="0.115463" c11="0.115463" c12="0.0146677" c13="-0.0416183" c14="-0.00628319" c15="-0.00628319" c16="-0.0454735" c17="0.0663041" c18="0.223758" c19="0.145218" c2="-0.469147" c20="0.0483418" c21="0.171929" c22="0.0623554" c23="0.0623554" c24="-0.0410751" c25="0.111709" c26="0.0617861" c27="0.124618" c28="-2.0269" c29="1.59493" c3="2.67056" c30="0.719488" c31="-1.12308" c32="-0.236642" c33="0.504105" c34="-1.91498" c35="0" c36="0" c37="0" c38="0" c39="0" c4="-1.63296" c40="0" c41="0" c42="0" c43="0" c44="0" c45="0" c46="0" c47="0" c48="0" c49="0" c5="1.57551" c50="0" c51="0" c52="0" c53="0" c54="0" c55="0" c56="0" c57="0" c58="0" c59="0" c6="0.231251" c60="0" c61="0" c7="-0.000509619" c8="-0.0682144" c9="0.254042" dim="61" m11="0.161979" m12="-0.967716" m13="0.193105" m21="-0.71543" m22="-0.249945" m23="-0.652448" m31="0.679649" m32="-0.0324697" m33="-0.732818" planner_index="0" v1="0.606851" v2="0.149587" v3="0.253924"></first>
        <second m11="0.999896" m12="-0.00152268" m13="0.0143735" m21="0.00115766" m22="0.999677" m23="0.0253695" m31="-0.0144075" m32="-0.0253502" m33="0.999575" v1="-0.0193533" v2="-0.0122682" v3="0.000942421"></second>
      </equation>
      <equation>
        <first c1="1.6583" c10="0.115463" c11="0.115463" c12="0.0141092" c13="-0.0421768" c14="-0.00628319" c15="-0.00628319" c16="-0.0443565" c17="0.0685381" c18="0.223758" c19="0.145218" c2="-0.469147" c20="0.0483418" c21="0.171929" c22="0.0623554" c23="0.0623554" c24="-0.0410751" c25="0.111709" c26="0.0617861" c27="0.124618" c28="-1.79265" c29="1.67729" c3="2.67056" c30="0.93655" c31="-0.491983" c32="-0.133839" c33="0.649801" c34="-2.37071" c35="0" c36="0" c37="0" c38="0" c39="0" c4="-1.63296" c40="0" c41="0" c42="0" c43="0" c44="0" c45="0" c46="0" c47="0" c48="0" c49="0" c5="1.57551" c50="0" c51="0" c52="0" c53="0" c54="0" c55="0" c56="0" c57="0" c58="0" c59="0" c6="0.231251" c60="0" c61="0" c7="-0.000509619" c8="-0.0726825" c9="0.24734" dim="61" m11="0.498028" m12="-0.713078" m13="0.493445" m21="-0.538603" m22="-0.700332" m23="-0.468445" m31="0.679613" m32="-0.0324718" m33="-0.732851" planner_index="0" v1="0.74274" v2="0.243248" v3="0.253916"></first>
        <second m11="0.999565" m12="-0.0105972" m13="0.027515" m21="0.00980314" m22="0.999536" m23="0.0288347" m31="-0.0278078" m32="-0.0285525" m33="0.999205" v1="0.00388895" v2="-0.0168113" v3="0.00845615"></second>
      </equation>
      <equation>
        <first c1="1.6583" c10="0.115463" c11="0.115463" c12="0.0146677" c13="-0.0416183" c14="-0.00628319" c15="-0.00628319" c16="-0.0443565" c17="0.0663041" c18="0.223758" c19="0.145218" c2="-0.469147" c20="0.0483418" c21="0.171929" c22="0.0623554" c23="0.0623554" c24="-0.0410751" c25="0.111709" c26="0.0617861" c27="0.124618" c28="-1.54088" c29="1.62506" c3="2.67056" c30="-0.245957" c31="0.000144426" c32="1.37508" c33="0.772778" c34="-2.82527" c35="0" c36="0" c37="0" c38="0" c39="0" c4="-1.63296" c40="0" c41="0" c42="0" c43="0" c44="0" c45="0" c46="0" c47="0" c48="0" c49="0" c5="1.57551" c50="0" c51="0" c52="0" c53="0" c54="0" c55="0" c56="0" c57="0" c58="0" c59="0" c6="0.231251" c60="0" c61="0" c7="-0.000509619" c8="-0.0760335" c9="0.249574" dim="61" m11="0.685145" m12="-0.262225" m13="0.679569" m21="-0.213777" m22="-0.964258" m23="-0.156547" m31="0.69633" m32="-0.0380186" m33="-0.716714" planner_index="0" v1="0.788487" v2="0.393225" v3="0.253704"></first>
        <second m11="0.999387" m12="-0.00336277" m13="0.0348509" m21="0.00185814" m22="0.999068" m23="0.0431162" m31="-0.0349635" m32="-0.043025" m33="0.998462" v1="0.0202543" v2="-0.0038655" v3="0.0181874"></second>
      </equation>
      <equation>
        <first c1="1.6583" c10="0.115463" c11="0.115463" c12="0.0146677" c13="-0.0416183" c14="-0.00628319" c15="-0.00628319" c16="-0.0432395" c17="0.0674211" c18="0.223758" c19="0.145218" c2="-0.469147" c20="0.0483418" c21="0.171929" c22="0.0623554" c23="0.0623554" c24="-0.0410751" c25="0.111709" c26="0.0617861" c27="0.124618" c28="-1.53517" c29="1.55036" c3="2.67056" c30="-0.373536" c31="0.283648" c32="1.57083" c33="0.735313" c34="-2.96716" c35="0" c36="0" c37="0" c38="0" c39="0" c4="-1.63296" c40="0" c41="0" c42="0" c43="0" c44="0" c45="0" c46="0" c47="0" c48="0" c49="0" c5="1.57551" c50="0" c51="0" c52="0" c53="0" c54="0" c55="0" c56="0" c57="0" c58="0" c59="0" c6="0.231251" c60="0" c61="0" c7="-0.000509619" c8="-0.0676559" c9="0.257951" dim="61" m11="0.700435" m12="0.191701" m13="0.687489" m21="0.119338" m22="-0.981149" m23="0.152001" m31="0.703668" m32="-0.024423" m33="-0.710109" planner_index="0" v1="0.770269" v2="0.559291" v3="0.252963"></first>
        <second m11="0.999554" m12="-0.00641447" m13="0.0291583" m21="0.00485501" m22="0.99857" m23="0.0532425" m31="-0.0294581" m32="-0.0530772" m33="0.998156" v1="0.025607" v2="0.00784098" v3="0.0214433"></second>
      </equation>
      <equation>
        <first c1="1.6583" c10="0.115463" c11="0.115463" c12="0.0146677" c13="-0.0416183" c14="-0.00628319" c15="-0.00628319" c16="-0.043798" c17="0.0679796" c18="0.223758" c19="0.145218" c2="-0.469147" c20="0.0483418" c21="0.171929" c22="0.0623554" c23="0.0623554" c24="-0.0410751" c25="0.111709" c26="0.0617861" c27="0.124618" c28="-1.57978" c29="1.57037" c3="2.67056" c30="-0.41368" c31="0.777318" c32="1.57083" c33="0.698812" c34="-2.96716" c35="0" c36="0" c37="0" c38="0" c39="0" c4="-1.63296" c40="0" c41="0" c42="0" c43="0" c44="0" c45="0" c46="0" c47="0" c48="0" c49="0" c5="1.57551" c50="0" c51="0" c52="0" c53="0" c54="0" c55="0" c56="0" c57="0" c58="0" c59="0" c6="0.231251" c60="0" c61="0" c7="-0.000509619" c8="-0.0665389" c9="0.259068" dim="61" m11="0.568005" m12="0.609725" m13="0.552816" m21="0.429926" m22="-0.792573" m23="0.432426" m31="0.701808" m32="-0.00795057" m33="-0.712322" planner_index="0" v1="0.678843" v2="0.697541" v3="0.252159"></first>
        <second m11="0.999705" m12="-0.00753417" m13="0.0231085" m21="0.00594623" m22="0.997665" m23="0.0680311" m31="-0.0235672" m32="-0.0678736" m33="0.997416" v1="0.0269107" v2="0.0233166" v3="0.0244603"></second>
      </equation>
      <equation>
        <first c1="1.6583" c10="0.115463" c11="0.115463" c12="0.0146677" c13="-0.0416183" c14="-0.00628319" c15="-0.00628319" c16="-0.0443565" c17="0.0663041" c18="0.222501" c19="0.143961" c2="-0.469147" c20="0.0483418" c21="0.171929" c22="0.0623554" c23="0.0623554" c24="-0.0410751" c25="0.111709" c26="0.0617861" c27="0.124618" c28="-1.6688" c29="1.6041" c3="2.67056" c30="-0.48033" c31="1.31297" c32="1.57082" c33="0.616749" c34="-2.96711" c35="0" c36="0" c37="0" c38="0" c39="0" c4="-1.63296" c40="0" c41="0" c42="0" c43="0" c44="0" c45="0" c46="0" c47="0" c48="0" c49="0" c5="1.57551" c50="0" c51="0" c52="0" c53="0" c54="0" c55="0" c56="0" c57="0" c58="0" c59="0" c6="0.231251" c60="0" c61="0" c7="-0.000509619" c8="-0.0665389" c9="0.260185" dim="61" m11="0.291817" m12="0.90585" m13="0.307048" m21="0.650097" m22="-0.423316" m23="0.631013" m31="0.701582" m32="0.0154709" m33="-0.712421" planner_index="0" v1="0.5249" v2="0.76721" v3="0.250511"></first>
        <second m11="0.999967" m12="-0.00179692" m13="0.00795404" m21="0.00115062" m22="0.996752" m23="0.0805253" m31="-0.0080729" m32="-0.0805135" m33="0.996721" v1="0.0181695" v2="0.0406998" v3="0.0222804"></second>
      </equation>
      <equation>
        <first c1="1.6583" c10="0.115463" c11="0.115463" c12="0.0146677" c13="-0.0416183" c14="-0.00628319" c15="-0.00628319" c16="-0.043798" c17="0.0679796" c18="0.223758" c19="0.145218" c2="-0.469147" c20="0.0483418" c21="0.171929" c22="0.0623554" c23="0.0623554" c24="-0.0410751" c25="0.111709" c26="0.0617861" c27="0.124618" c28="-1.89785" c29="1.56391" c3="2.67056" c30="-0.665608" c31="1.84709" c32="1.57079" c33="0.34137" c34="-2.96707" c35="0" c36="0" c37="0" c38="0" c39="0" c4="-1.63296" c40="0" c41="0" c42="0" c43="0" c44="0" c45="0" c46="0" c47="0" c48="0" c49="0" c5="1.57551" c50="0" c51="0" c52="0" c53="0" c54="0" c55="0" c56="0" c57="0" c58="0" c59="0" c6="0.231251" c60="0" c61="0" c7="-0.000509619" c8="-0.0682144" c9="0.259627" dim="61" m11="-0.0947432" m12="0.995344" m13="0.0177188" m21="0.70136" m22="0.0541074" m23="0.71075" m31="0.706483" m32="0.0797661" m33="-0.703221" planner_index="0" v1="0.350552" v2="0.748005" v3="0.243017"></first>
        <second m11="0.999999" m12="0.000545282" m13="0.00136439" m21="-0.000646122" m22="0.997181" m23="0.0750344" m31="-0.00131963" m32="-0.0750352" m33="0.99718" v1="0.00677592" v2="0.0499615" v3="0.0183267"></second>
      </equation>
    </deformation>
    <extrinsic m11="-0.0926613" m12="0.0338845" m13="-0.995121" m21="-0.99483" m22="-0.0448602" m23="0.0911067" m31="-0.0415542" m32="0.998418" m33="0.0378662" v1="-0.126925" v2="0.00380018" v3="0.135556">
      <model manual="0" simulation="0" use_intrinsic="1">
        <equation>
          <first c1="2.23664" c10="0.12917" c11="0.12917" c12="0.00975167" c13="-0.0727248" c14="0.0998531" c15="0.0998531" c16="-0.0455241" c17="0.069081" c18="0.242637" c19="0.164097" c2="-0.341986" c20="0.0419119" c21="0.186347" c22="0.100929" c23="0.100929" c24="-0.0315734" c25="0.103202" c26="0.135326" c27="0.198158" c28="-1.84314" c29="1.13307" c3="2.58826" c30="0.00870403" c31="-1.06966" c32="0.941207" c33="0.400785" c34="-2.96355" c35="0" c36="0" c37="0" c38="0" c39="0" c4="-2.07199" c40="0" c41="0" c42="0" c43="0" c44="0" c45="0" c46="0" c47="0" c48="0" c49="0" c5="2.5426" c50="0" c51="0" c52="0" c53="0" c54="0" c55="0" c56="0" c57="0" c58="0" c59="0" c6="-0.580801" c60="0" c61="0" c7="1.27171" c8="-0.0551015" c9="0.311298" dim="61" m11="0.298792" m12="-0.678885" m13="0.670701" m21="-0.167242" m22="-0.729179" m23="-0.663572" m31="0.93955" m32="0.0861006" m33="-0.33141" planner_index="0" v1="0.652817" v2="0.323322" v3="0.444968"></first>
          <second m11="0.984251" m12="0.0156298" m13="-0.176083" m21="-0.0740204" m22="0.940996" m23="-0.330225" m31="0.160532" m32="0.338058" m33="0.927333" v1="0.128594" v2="0.277925" v3="-0.638028"></second>
        </equation>
        <equation>
          <first c1="2.23664" c10="0.1254" c11="0.1254" c12="0.00975167" c13="-0.0727248" c14="0.0998531" c15="0.0998531" c16="-0.0371465" c17="0.0640544" c18="0.238867" c19="0.160327" c2="-0.341986" c20="0.0419119" c21="0.186347" c22="0.100929" c23="0.100929" c24="-0.0315734" c25="0.103202" c26="0.132813" c27="0.195645" c28="-1.72636" c29="0.973824" c3="2.58826" c30="0.021119" c31="-0.885443" c32="0.942899" c33="0.384148" c34="-2.96688" c35="0" c36="0" c37="0" c38="0" c39="0" c4="-2.07199" c40="0" c41="0" c42="0" c43="0" c44="0" c45="0" c46="0" c47="0" c48="0" c49="0" c5="2.5426" c50="0" c51="0" c52="0" c53="0" c54="0" c55="0" c56="0" c57="0" c58="0" c59="0" c6="-0.580801" c60="0" c61="0" c7="1.27171" c8="-0.0925213" c9="0.279463" dim="61" m11="0.340452" m12="-0.374824" m13="0.862322" m21="0.0169013" m22="-0.914521" m23="-0.404186" m31="0.94011" m32="0.15218" m33="-0.305015" planner_index="0" v1="0.697143" v2="0.511902" v3="0.416451"></first>
          <second m11="0.889123" m12="0.339721" m13="-0.306677" m21="-0.409467" m22="0.889806" m23="-0.201452" m31="0.204445" m32="0.30469" m33="0.930251" v1="0.316049" v2="0.185177" v3="-0.620348"></second>
        </equation>
        <equation>
          <first c1="2.23664" c10="0.126656" c11="0.126656" c12="0.00975167" c13="-0.0727248" c14="0.0998531" c15="0.0998531" c16="-0.035471" c17="0.0657299" c18="0.237611" c19="0.159071" c2="-0.341986" c20="0.0419119" c21="0.186347" c22="0.100929" c23="0.100929" c24="-0.0315734" c25="0.103202" c26="0.132813" c27="0.195645" c28="-1.54299" c29="0.899451" c3="2.58826" c30="0.0432122" c31="-0.704952" c32="0.866271" c33="0.428105" c34="-2.96202" c35="0" c36="0" c37="0" c38="0" c39="0" c4="-2.07199" c40="0" c41="0" c42="0" c43="0" c44="0" c45="0" c46="0" c47="0" c48="0" c49="0" c5="2.5426" c50="0" c51="0" c52="0" c53="0" c54="0" c55="0" c56="0" c57="0" c58="0" c59="0" c6="-0.580801" c60="0" c61="0" c7="1.27171" c8="-0.0925213" c9="0.279463" dim="61" m11="0.466703" m12="-0.0758102" m13="0.881159" m21="0.18513" m22="-0.965873" m23="-0.181152" m31="0.864821" m32="0.247673" m33="-0.436741" planner_index="0" v1="0.702252" v2="0.664191" v3="0.31922"></first>
          <second m11="0.703454" m12="0.506262" m13="-0.49885" m21="-0.649182" m22="0.743398" m23="-0.161003" m31="0.289334" m32="0.437103" m33="0.851602" v1="0.433985" v2="0.07293" v3="-0.514919"></second>
        </equation>
        <equation>
          <first c1="2.23664" c10="0.1254" c11="0.1254" c12="0.00975167" c13="-0.0727248" c14="0.0998531" c15="0.0998531" c16="-0.0349125" c17="0.0662884" c18="0.237611" c19="0.159071" c2="-0.341986" c20="0.0419119" c21="0.186347" c22="0.100929" c23="0.100929" c24="-0.0315734" c25="0.103202" c26="0.132813" c27="0.195645" c28="-1.85827" c29="0.459114" c3="2.58826" c30="0.239242" c31="-1.19402" c32="0.607027" c33="0.2826" c34="-2.84277" c35="0" c36="0" c37="0" c38="0" c39="0" c4="-2.07199" c40="0" c41="0" c42="0" c43="0" c44="0" c45="0" c46="0" c47="0" c48="0" c49="0" c5="2.5426" c50="0" c51="0" c52="0" c53="0" c54="0" c55="0" c56="0" c57="0" c58="0" c59="0" c6="-0.580801" c60="0" c61="0" c7="1.27171" c8="-0.0947554" c9="0.278346" dim="61" m11="0.247372" m12="-0.17556" m13="0.952883" m21="0.248054" m22="-0.939199" m23="-0.237434" m31="0.93663" m32="0.295101" m33="-0.188783" planner_index="0" v1="0.558202" v2="0.728726" v3="0.446131"></first>
          <second m11="0.758015" m12="0.514504" m13="-0.400872" m21="-0.554416" m22="0.832012" m23="0.0195004" m31="0.343563" m32="0.207468" m33="0.915926" v1="0.397384" v2="-0.033511" v3="-0.673409"></second>
        </equation>
        <point v1="0" v2="0" v3="0"></point>
        <point v1="0.06" v2="0" v3="0"></point>
        <point v1="0.12" v2="0" v3="0"></point>
        <point v1="0.18" v2="0" v3="0"></point>
        <point v1="0.24" v2="0" v3="0"></point>
        <point v1="0.3" v2="0" v3="0"></point>
        <point v1="0.36" v2="0" v3="0"></point>
        <point v1="0" v2="0.06" v3="0"></point>
        <point v1="0.06" v2="0.06" v3="0"></point>
        <point v1="0.12" v2="0.06" v3="0"></point>
        <point v1="0.18" v2="0.06" v3="0"></point>
        <point v1="0.24" v2="0.06" v3="0"></point>
        <point v1="0.3" v2="0.06" v3="0"></point>
        <point v1="0.36" v2="0.06" v3="0"></point>
        <point v1="0" v2="0.12" v3="0"></point>
        <point v1="0.06" v2="0.12" v3="0"></point>
        <point v1="0.12" v2="0.12" v3="0"></point>
        <point v1="0.18" v2="0.12" v3="0"></point>
        <point v1="0.24" v2="0.12" v3="0"></point>
        <point v1="0.3" v2="0.12" v3="0"></point>
        <point v1="0.36" v2="0.12" v3="0"></point>
        <point v1="0" v2="0.18" v3="0"></point>
        <point v1="0.06" v2="0.18" v3="0"></point>
        <point v1="0.12" v2="0.18" v3="0"></point>
        <point v1="0.18" v2="0.18" v3="0"></point>
        <point v1="0.24" v2="0.18" v3="0"></point>
        <point v1="0.3" v2="0.18" v3="0"></point>
        <point v1="0.36" v2="0.18" v3="0"></point>
        <point v1="0" v2="0.24" v3="0"></point>
        <point v1="0.06" v2="0.24" v3="0"></point>
        <point v1="0.12" v2="0.24" v3="0"></point>
        <point v1="0.18" v2="0.24" v3="0"></point>
        <point v1="0.24" v2="0.24" v3="0"></point>
        <point v1="0.3" v2="0.24" v3="0"></point>
        <pose m11="0.675314" m12="0.737134" m13="0.0241806" m21="0.737524" m22="-0.674812" m23="-0.0262238" m31="-0.00301307" m32="0.035543" m33="-0.999364" v1="0.429287" v2="0.327782" v3="-0.366929"></pose>
        <pose_euler pitch="0.00301307" roll="3.10604" v1="0.429287" v2="0.327782" v3="-0.366929" yaw="0.829402"></pose_euler>
        <pose_quat q0="0.0168747" q1="0.915081" q2="0.402877" q3="0.00578297" v1="0.429287" v2="0.327782" v3="-0.366929"></pose_quat>
      </model>
    </extrinsic>
    <intrinsic cx="319.995" cy="247.101" f="6" fx="572.306" fy="572.119" h="480" k1="-0.0307625" k2="0.0381676" k3="0" p1="-0.000840654" p2="-0.00121145" w="640">
      <model>
        <grid dx="0.06" dy="0.06" nx="7" ny="5"></grid>
      </model>
    </intrinsic>
  </sensor>
</grasp>
