<?xml version="1.0" encoding="utf-8"?>

<grasp>
  <sensor>
    <deformation>
      <equation>
        <first c1="2.05574" c10="0.097596" c11="0.097596" c12="0.0456481" c13="-0.0345692" c14="0.113302" c15="0.113302" c16="-0.0289423" c17="0.0675406" c18="0.236772" c19="0.158232" c2="-0.92667" c20="0.0447046" c21="0.173456" c22="0.0392576" c23="0.0392576" c24="-0.0290484" c25="0.0868885" c26="0.1612" c27="0.224032" c28="0" c29="0" c3="0.688765" c30="0" c31="0" c32="0" c33="0" c34="0" c35="0" c36="0" c37="0" c38="0" c39="0" c4="-1.6953" c40="0" c41="0" c42="0" c43="0" c44="0" c45="0" c46="0" c47="0" c48="0" c49="0" c5="0.721294" c50="0" c51="0" c52="0" c53="0" c54="0" c55="0" c56="0" c57="0" c58="0" c59="0" c6="0.410009" c60="0" c61="0" c7="0.531611" c8="-0.00433594" c9="0.271388" dim="61" m11="0.520618" m12="0.828449" m13="-0.206468" m21="0.726387" m22="-0.55687" m23="-0.402813" m31="-0.448686" m32="0.059736" m33="-0.891691" v1="0.204644" v2="-0.907177" v3="0.23967"></first>
        <second m11="1" m12="0" m13="0" m21="0" m22="1" m23="0" m31="0" m32="0" m33="1" v1="0" v2="0" v3="0"></second>
      </equation>
      <equation>
        <first c1="2.05574" c10="0.097596" c11="0.097596" c12="0.0462066" c13="-0.0351277" c14="0.113302" c15="0.113302" c16="-0.0289423" c17="0.0675406" c18="0.236772" c19="0.158232" c2="-0.92667" c20="0.0447046" c21="0.171222" c22="0.0392576" c23="0.0392576" c24="-0.0290484" c25="0.0868885" c26="0.1612" c27="0.224032" c28="0" c29="0" c3="0.688762" c30="0" c31="0" c32="0" c33="0" c34="0" c35="0" c36="0" c37="0" c38="0" c39="0" c4="-1.6953" c40="0" c41="0" c42="0" c43="0" c44="0" c45="0" c46="0" c47="0" c48="0" c49="0" c5="0.721294" c50="0" c51="0" c52="0" c53="0" c54="0" c55="0" c56="0" c57="0" c58="0" c59="0" c6="0.410009" c60="0" c61="0" c7="0.531611" c8="-0.00433594" c9="0.271388" dim="61" m11="0.520618" m12="0.828449" m13="-0.206469" m21="0.726385" m22="-0.55687" m23="-0.402815" m31="-0.448688" m32="0.0597368" m33="-0.89169" v1="0.204644" v2="-0.907177" v3="0.239671"></first>
        <second m11="0.99994" m12="0.00370565" m13="-0.0103167" m21="-0.00372029" m22="0.999992" m23="-0.00140077" m31="0.0103114" m32="0.00143907" m33="0.999946" v1="-0.00169236" v2="0.00111545" v3="-0.00440879"></second>
      </equation>
      <equation>
        <first c1="2.24194" c10="0.097596" c11="0.097596" c12="0.0467651" c13="-0.0345692" c14="0.112045" c15="0.112045" c16="-0.0239157" c17="0.0658651" c18="0.231745" c19="0.153205" c2="-0.780096" c20="0.0447046" c21="0.171222" c22="0.0392576" c23="0.0392576" c24="-0.0290484" c25="0.0868885" c26="0.14612" c27="0.208952" c28="0" c29="0" c3="2.56492" c30="0" c31="0" c32="0" c33="0" c34="0" c35="0" c36="0" c37="0" c38="0" c39="0" c4="-1.99425" c40="0" c41="0" c42="0" c43="0" c44="0" c45="0" c46="0" c47="0" c48="0" c49="0" c5="0.489685" c50="0" c51="0" c52="0" c53="0" c54="0" c55="0" c56="0" c57="0" c58="0" c59="0" c6="-1.03598" c60="0" c61="0" c7="-1.15279" c8="-0.00433594" c9="0.273622" dim="61" m11="-0.178347" m12="0.0904543" m13="0.979801" m21="0.0120644" m22="0.995892" m23="-0.0897438" m31="-0.983894" m32="-0.00418482" m33="-0.178705" v1="0.418527" v2="-0.368622" v3="0.359351"></first>
        <second m11="0.999872" m12="-0.00863093" m13="0.0134858" m21="0.00827378" m22="0.999619" m23="0.0263183" m31="-0.0137078" m32="-0.0262034" m33="0.999563" v1="-0.0131863" v2="-0.00380828" v3="-0.00761806"></second>
      </equation>
      <equation>
        <first c1="2.24194" c10="0.0988526" c11="0.0988526" c12="0.0456481" c13="-0.0356862" c14="0.112045" c15="0.112045" c16="-0.0205647" c17="0.0613971" c18="0.231745" c19="0.153205" c2="-0.780111" c20="0.0447046" c21="0.171222" c22="0.0392576" c23="0.0392576" c24="-0.0290484" c25="0.0868885" c26="0.138581" c27="0.201413" c28="0" c29="0" c3="2.56493" c30="0" c31="0" c32="0" c33="0" c34="0" c35="0" c36="0" c37="0" c38="0" c39="0" c4="-1.99426" c40="0" c41="0" c42="0" c43="0" c44="0" c45="0" c46="0" c47="0" c48="0" c49="0" c5="0.489681" c50="0" c51="0" c52="0" c53="0" c54="0" c55="0" c56="0" c57="0" c58="0" c59="0" c6="-1.03598" c60="0" c61="0" c7="-1.15263" c8="-0.00433594" c9="0.276973" dim="61" m11="-0.178331" m12="0.0904691" m13="0.979803" m21="0.0122135" m22="0.995891" m23="-0.0897317" m31="-0.983895" m32="-0.0040351" m33="-0.178703" v1="0.418525" v2="-0.368615" v3="0.35935"></first>
        <second m11="0.999919" m12="-0.00558535" m13="0.0114099" m21="0.00526087" m22="0.999586" m23="0.0282723" m31="-0.0115631" m32="-0.02821" m33="0.999535" v1="-0.0122002" v2="-0.00173885" v3="-0.00929595"></second>
      </equation>
      <equation>
        <first c1="2.00406" c10="0.0988526" c11="0.0988526" c12="0.0456481" c13="-0.0356862" c14="0.113302" c15="0.113302" c16="-0.0205647" c17="0.0613971" c18="0.231745" c19="0.153205" c2="-0.549629" c20="0.0447046" c21="0.171222" c22="0.0392576" c23="0.0392576" c24="-0.0290484" c25="0.0868885" c26="0.138581" c27="0.201413" c28="0" c29="0" c3="1.80589" c30="0" c31="0" c32="0" c33="0" c34="0" c35="0" c36="0" c37="0" c38="0" c39="0" c4="-1.49323" c40="0" c41="0" c42="0" c43="0" c44="0" c45="0" c46="0" c47="0" c48="0" c49="0" c5="1.62683" c50="0" c51="0" c52="0" c53="0" c54="0" c55="0" c56="0" c57="0" c58="0" c59="0" c6="-0.865733" c60="0" c61="0" c7="-1.03742" c8="-0.00154342" c9="0.276415" dim="61" m11="0.129166" m12="0.985272" m13="-0.112049" m21="0.81966" m22="-0.169678" m23="-0.547144" m31="-0.558098" m32="-0.0211701" m33="-0.829505" v1="0.432816" v2="-0.793119" v3="0.161243"></first>
        <second m11="0.999673" m12="-0.00263509" m13="0.0254396" m21="0.00234642" m22="0.999933" m23="0.0113705" m31="-0.0254678" m32="-0.0113071" m33="0.999612" v1="-0.000146943" v2="0.00147403" v3="0.00582345"></second>
      </equation>
      <equation>
        <first c1="1.60141" c10="0.0988526" c11="0.0988526" c12="0.0445311" c13="-0.0356862" c14="0.112045" c15="0.112045" c16="-0.0194477" c17="0.0602801" c18="0.231745" c19="0.153205" c2="-1.51474" c20="0.0447046" c21="0.171222" c22="0.0392576" c23="0.0392576" c24="-0.0290484" c25="0.0868885" c26="0.138581" c27="0.201413" c28="0" c29="0" c3="2.96308" c30="0" c31="0" c32="0" c33="0" c34="0" c35="0" c36="0" c37="0" c38="0" c39="0" c4="-1.1587" c40="0" c41="0" c42="0" c43="0" c44="0" c45="0" c46="0" c47="0" c48="0" c49="0" c5="1.62884" c50="0" c51="0" c52="0" c53="0" c54="0" c55="0" c56="0" c57="0" c58="0" c59="0" c6="-0.588946" c60="0" c61="0" c7="-2.96713" c8="0.00236613" c9="0.27809" dim="61" m11="-0.429259" m12="-0.827895" m13="0.361008" m21="-0.697454" m22="0.557807" m23="0.449899" m31="-0.573842" m32="-0.0586632" m33="-0.816862" v1="0.576709" v2="-0.131256" v3="0.16051"></first>
        <second m11="0.999944" m12="-0.00741376" m13="-0.00758584" m21="0.00774412" m22="0.99898" m23="0.0444895" m31="0.00724826" m32="-0.0445457" m33="0.998981" v1="-0.00678255" v2="0.00599145" v3="-0.0241168"></second>
      </equation>
      <equation>
        <first c1="1.38157" c10="0.0988526" c11="0.0988526" c12="0.0445311" c13="-0.0345692" c14="0.112045" c15="0.112045" c16="-0.0194477" c17="0.0602801" c18="0.231745" c19="0.153205" c2="-1.49324" c20="0.0447046" c21="0.171222" c22="0.0392576" c23="0.0392576" c24="-0.0290484" c25="0.0868885" c26="0.138581" c27="0.201413" c28="0" c29="0" c3="1.88968" c30="0" c31="0" c32="0" c33="0" c34="0" c35="0" c36="0" c37="0" c38="0" c39="0" c4="-0.00119394" c40="0" c41="0" c42="0" c43="0" c44="0" c45="0" c46="0" c47="0" c48="0" c49="0" c5="2.91611" c50="0" c51="0" c52="0" c53="0" c54="0" c55="0" c56="0" c57="0" c58="0" c59="0" c6="-0.775587" c60="0" c61="0" c7="-2.84485" c8="0.00124912" c9="0.276973" dim="61" m11="-0.752082" m12="0.327264" m13="0.572076" m21="0.257142" m22="0.944919" m23="-0.202501" m31="-0.606837" m32="-0.00519276" m33="-0.794809" v1="0.773494" v2="-0.525888" v3="0.159864"></first>
        <second m11="0.999797" m12="-0.00812797" m13="0.0184294" m21="0.0074708" m22="0.999343" m23="0.0354516" m31="-0.0187055" m32="-0.0353067" m33="0.999201" v1="-0.00103504" v2="0.00455142" v3="-0.00829471"></second>
      </equation>
      <equation>
        <first c1="2.88562" c10="0.0988526" c11="0.0988526" c12="0.0428556" c13="-0.0362447" c14="0.112045" c15="0.112045" c16="-0.0188892" c17="0.0597216" c18="0.231745" c19="0.153205" c2="-0.181347" c20="0.0447046" c21="0.171222" c22="0.0392576" c23="0.0392576" c24="-0.0290484" c25="0.0868885" c26="0.138581" c27="0.201413" c28="0" c29="0" c3="1.5245" c30="0" c31="0" c32="0" c33="0" c34="0" c35="0" c36="0" c37="0" c38="0" c39="0" c4="-2.09439" c40="0" c41="0" c42="0" c43="0" c44="0" c45="0" c46="0" c47="0" c48="0" c49="0" c5="1.80455" c50="0" c51="0" c52="0" c53="0" c54="0" c55="0" c56="0" c57="0" c58="0" c59="0" c6="-2.03494" c60="0" c61="0" c7="-0.182036" c8="0.00069061" c9="0.276415" dim="61" m11="0.449978" m12="0.52505" m13="-0.722386" m21="0.401856" m22="-0.841431" m23="-0.361257" m31="-0.797516" m32="-0.127737" m33="-0.58962" v1="0.331865" v2="-0.642645" v3="0.278173"></first>
        <second m11="0.999986" m12="-0.00216374" m13="-0.0048362" m21="0.00215065" m22="0.999994" m23="-0.00271059" m31="0.00484204" m32="0.00270015" m33="0.999985" v1="-0.00767973" v2="0.00147293" v3="-0.00127478"></second>
      </equation>
      <equation>
        <first c1="2.6328" c10="0.0988526" c11="0.0988526" c12="0.0439726" c13="-0.0373617" c14="0.112045" c15="0.112045" c16="-0.0188892" c17="0.0597216" c18="0.230489" c19="0.151949" c2="-0.416413" c20="0.0447046" c21="0.171222" c22="0.0392576" c23="0.0392576" c24="-0.0290484" c25="0.0868885" c26="0.138581" c27="0.201413" c28="0" c29="0" c3="1.63906" c30="0" c31="0" c32="0" c33="0" c34="0" c35="0" c36="0" c37="0" c38="0" c39="0" c4="-1.95018" c40="0" c41="0" c42="0" c43="0" c44="0" c45="0" c46="0" c47="0" c48="0" c49="0" c5="1.50646" c50="0" c51="0" c52="0" c53="0" c54="0" c55="0" c56="0" c57="0" c58="0" c59="0" c6="-1.63663" c60="0" c61="0" c7="-0.603679" c8="-0.00266042" c9="0.273064" dim="61" m11="0.302191" m12="0.86508" m13="-0.400396" m21="0.553219" m22="-0.501217" m23="-0.66538" m31="-0.776292" m32="-0.0204353" m33="-0.630042" v1="0.377008" v2="-0.66165" v3="0.281696"></first>
        <second m11="0.999746" m12="0.01556" m13="0.0163098" m21="-0.01568" m22="0.999851" m23="0.00724993" m31="-0.0161946" m32="-0.00750383" m33="0.999841" v1="0.00623785" v2="0.0110256" v3="0.00192376"></second>
      </equation>
      <equation>
        <first c1="2.26215" c10="0.0988526" c11="0.0988526" c12="0.0456481" c13="-0.0356862" c14="0.112045" c15="0.112045" c16="-0.0188892" c17="0.0597216" c18="0.231745" c19="0.153205" c2="-0.971934" c20="0.0447046" c21="0.171222" c22="0.0392576" c23="0.0392576" c24="-0.0290484" c25="0.0868885" c26="0.138581" c27="0.201413" c28="0" c29="0" c3="1.63185" c30="0" c31="0" c32="0" c33="0" c34="0" c35="0" c36="0" c37="0" c38="0" c39="0" c4="-1.49898" c40="0" c41="0" c42="0" c43="0" c44="0" c45="0" c46="0" c47="0" c48="0" c49="0" c5="1.66633" c50="0" c51="0" c52="0" c53="0" c54="0" c55="0" c56="0" c57="0" c58="0" c59="0" c6="-0.867454" c60="0" c61="0" c7="-1.11296" c8="-0.0104795" c9="0.282" dim="61" m11="-0.123904" m12="0.98562" m13="0.1149" m21="0.618571" m22="0.167259" m23="-0.76772" m31="-0.775898" m32="-0.0240497" m33="-0.6304" v1="0.530196" v2="-0.659425" v3="0.281975"></first>
        <second m11="0.999654" m12="0.000514253" m13="0.0263039" m21="-0.000831643" m22="0.999927" m23="0.0120568" m31="-0.0262958" m32="-0.0120745" m33="0.999581" v1="0.000968909" v2="0.00256294" v3="0.00558416"></second>
      </equation>
      <equation>
        <first c1="2.15824" c10="0.0988526" c11="0.0988526" c12="0.0456481" c13="-0.0356862" c14="0.112045" c15="0.112045" c16="-0.0188892" c17="0.0597216" c18="0.233002" c19="0.154462" c2="-1.2402" c20="0.0447046" c21="0.171222" c22="0.0392576" c23="0.0392576" c24="-0.0290484" c25="0.0868885" c26="0.138581" c27="0.201413" c28="0" c29="0" c3="1.51405" c30="0" c31="0" c32="0" c33="0" c34="0" c35="0" c36="0" c37="0" c38="0" c39="0" c4="-1.31094" c40="0" c41="0" c42="0" c43="0" c44="0" c45="0" c46="0" c47="0" c48="0" c49="0" c5="1.95722" c50="0" c51="0" c52="0" c53="0" c54="0" c55="0" c56="0" c57="0" c58="0" c59="0" c6="-0.516212" c60="0" c61="0" c7="-1.4141" c8="-0.0104795" c9="0.282" dim="61" m11="-0.332184" m12="0.865635" m13="0.374607" m21="0.536361" m22="0.500055" m23="-0.679898" m31="-0.775868" m32="-0.0249264" m33="-0.630403" v1="0.596589" v2="-0.619011" v3="0.281865"></first>
        <second m11="0.999012" m12="0.0073544" m13="0.0438394" m21="-0.00874742" m22="0.99946" m23="0.0316688" m31="-0.0435828" m32="-0.032021" m33="0.998537" v1="0.012416" v2="0.00972752" v3="0.00302908"></second>
      </equation>
      <equation>
        <first c1="2.09701" c10="0.0988526" c11="0.0988526" c12="0.0456481" c13="-0.0356862" c14="0.112045" c15="0.112045" c16="-0.0188892" c17="0.0597216" c18="0.233002" c19="0.154462" c2="-1.30851" c20="0.0447046" c21="0.171222" c22="0.0392576" c23="0.0392576" c24="-0.0290484" c25="0.0868885" c26="0.138581" c27="0.201413" c28="0" c29="0" c3="1.62627" c30="0" c31="0" c32="0" c33="0" c34="0" c35="0" c36="0" c37="0" c38="0" c39="0" c4="-1.16809" c40="0" c41="0" c42="0" c43="0" c44="0" c45="0" c46="0" c47="0" c48="0" c49="0" c5="2.02662" c50="0" c51="0" c52="0" c53="0" c54="0" c55="0" c56="0" c57="0" c58="0" c59="0" c6="-0.384456" c60="0" c61="0" c7="-1.67681" c8="-0.0104795" c9="0.282" dim="61" m11="-0.493879" m12="0.645956" m13="0.582086" m21="0.39519" m22="0.763041" m23="-0.511462" m31="-0.774538" m32="-0.0225655" m33="-0.632125" v1="0.646098" v2="-0.558455" v3="0.282021"></first>
        <second m11="0.99956" m12="-0.0227987" m13="0.018953" m21="0.0225933" m22="0.999684" m23="0.010983" m31="-0.0191974" m32="-0.0105499" m33="0.99976" v1="-0.0118944" v2="-0.0114853" v3="0.00401769"></second>
      </equation>
      <equation>
        <first c1="2.08147" c10="0.0988526" c11="0.0988526" c12="0.0450896" c13="-0.0362447" c14="0.112045" c15="0.112045" c16="-0.0188892" c17="0.0574875" c18="0.233002" c19="0.154462" c2="-1.39394" c20="0.0447046" c21="0.171222" c22="0.0392576" c23="0.0392576" c24="-0.0290484" c25="0.0868885" c26="0.138581" c27="0.201413" c28="0" c29="0" c3="1.93354" c30="0" c31="0" c32="0" c33="0" c34="0" c35="0" c36="0" c37="0" c38="0" c39="0" c4="-1.11587" c40="0" c41="0" c42="0" c43="0" c44="0" c45="0" c46="0" c47="0" c48="0" c49="0" c5="2.23609" c50="0" c51="0" c52="0" c53="0" c54="0" c55="0" c56="0" c57="0" c58="0" c59="0" c6="-0.160185" c60="0" c61="0" c7="-2.3466" c8="-0.00768696" c9="0.273622" dim="61" m11="-0.630758" m12="0.00235478" m13="0.775976" m21="-0.0148339" m22="0.999776" m23="-0.0150918" m31="-0.775838" m32="-0.02103" m33="-0.630582" v1="0.669861" v2="-0.407384" v3="0.281781"></first>
        <second m11="0.99985" m12="-0.0011521" m13="0.0172692" m21="0.000487142" m22="0.99926" m23="0.0384603" m31="-0.0173008" m32="-0.0384461" m33="0.999111" v1="-0.00041623" v2="0.00549618" v3="-0.0105147"></second>
      </equation>
      <equation>
        <first c1="1.98703" c10="0.0988526" c11="0.0988526" c12="0.0439726" c13="-0.0373617" c14="0.112045" c15="0.112045" c16="-0.0233572" c17="0.0641896" c18="0.231745" c19="0.153205" c2="-1.82023" c20="0.0447046" c21="0.171222" c22="0.0392576" c23="0.0392576" c24="-0.0290484" c25="0.0868885" c26="0.14235" c27="0.205182" c28="0" c29="0" c3="2.68371" c30="0" c31="0" c32="0" c33="0" c34="0" c35="0" c36="0" c37="0" c38="0" c39="0" c4="-0.993677" c40="0" c41="0" c42="0" c43="0" c44="0" c45="0" c46="0" c47="0" c48="0" c49="0" c5="-0.472126" c50="0" c51="0" c52="0" c53="0" c54="0" c55="0" c56="0" c57="0" c58="0" c59="0" c6="0.701126" c60="0" c61="0" c7="-0.601656" c8="0.00180762" c9="0.276415" dim="61" m11="-0.110404" m12="-0.992321" m13="0.0557727" m21="-0.870351" m22="0.123624" m23="0.476662" m31="-0.479896" m32="0.00408342" m33="-0.877316" v1="0.535347" v2="0.0124464" v3="0.250915"></first>
        <second m11="0.999969" m12="-0.00756559" m13="-0.00222148" m21="0.00764413" m22="0.999257" m23="0.0377759" m31="0.00193404" m32="-0.0377918" m33="0.999284" v1="-0.0066928" v2="0.000471808" v3="-0.0220632"></second>
      </equation>
      <equation>
        <first c1="2.02629" c10="0.0988526" c11="0.0988526" c12="0.0450896" c13="-0.0362447" c14="0.112045" c15="0.112045" c16="-0.0188892" c17="0.0574875" c18="0.233002" c19="0.154462" c2="-1.28912" c20="0.0447046" c21="0.171222" c22="0.0392576" c23="0.0392576" c24="-0.0290484" c25="0.0868885" c26="0.138581" c27="0.201413" c28="0" c29="0" c3="2.32768" c30="0" c31="0" c32="0" c33="0" c34="0" c35="0" c36="0" c37="0" c38="0" c39="0" c4="-1.21436" c40="0" c41="0" c42="0" c43="0" c44="0" c45="0" c46="0" c47="0" c48="0" c49="0" c5="1.84963" c50="0" c51="0" c52="0" c53="0" c54="0" c55="0" c56="0" c57="0" c58="0" c59="0" c6="-0.19779" c60="0" c61="0" c7="-2.40685" c8="-0.00768696" c9="0.273622" dim="61" m11="-0.587047" m12="-0.339713" m13="0.734827" m21="-0.229837" m22="0.940283" m23="0.251081" m31="-0.776242" m32="-0.0214942" m33="-0.630069" v1="0.641986" v2="-0.334709" v3="0.281728"></first>
        <second m11="0.999919" m12="0.00281238" m13="0.0124041" m21="-0.00345375" m22="0.998642" m23="0.0519918" m31="-0.012241" m32="-0.0520305" m33="0.99857" v1="0.000616656" v2="0.0105834" v3="-0.0198085"></second>
      </equation>
      <equation>
        <first c1="2.00828" c10="0.0988526" c11="0.0988526" c12="0.0450896" c13="-0.0362447" c14="0.112045" c15="0.112045" c16="-0.0188892" c17="0.0574875" c18="0.233002" c19="0.154462" c2="-1.2527" c20="0.0447046" c21="0.171222" c22="0.0392576" c23="0.0392576" c24="-0.0290484" c25="0.0868885" c26="0.138581" c27="0.201413" c28="0" c29="0" c3="2.52974" c30="0" c31="0" c32="0" c33="0" c34="0" c35="0" c36="0" c37="0" c38="0" c39="0" c4="-1.37593" c40="0" c41="0" c42="0" c43="0" c44="0" c45="0" c46="0" c47="0" c48="0" c49="0" c5="1.9518" c50="0" c51="0" c52="0" c53="0" c54="0" c55="0" c56="0" c57="0" c58="0" c59="0" c6="-0.173294" c60="0" c61="0" c7="-2.78067" c8="-0.00768696" c9="0.273622" dim="61" m11="-0.473054" m12="-0.640826" m13="0.604618" m21="-0.416784" m22="0.767385" m23="0.487249" m31="-0.776216" m32="-0.0215002" m33="-0.6301" v1="0.590965" v2="-0.276004" v3="0.281705"></first>
        <second m11="0.999877" m12="-0.00658197" m13="0.0142103" m21="0.0056815" m22="0.998029" m23="0.0625034" m31="-0.0145937" m32="-0.062415" m33="0.997944" v1="-0.00301631" v2="0.0088511" v3="-0.0244355"></second>
      </equation>
      <equation>
        <first c1="2.21926" c10="0.0988526" c11="0.0988526" c12="0.0462066" c13="-0.0351277" c14="0.113302" c15="0.113302" c16="-0.0188892" c17="0.0574875" c18="0.231745" c19="0.153205" c2="-1.27569" c20="0.0447046" c21="0.171222" c22="0.0392576" c23="0.0392576" c24="-0.0290484" c25="0.0868885" c26="0.138581" c27="0.201413" c28="0" c29="0" c3="2.48293" c30="0" c31="0" c32="0" c33="0" c34="0" c35="0" c36="0" c37="0" c38="0" c39="0" c4="-1.80388" c40="0" c41="0" c42="0" c43="0" c44="0" c45="0" c46="0" c47="0" c48="0" c49="0" c5="0.808125" c50="0" c51="0" c52="0" c53="0" c54="0" c55="0" c56="0" c57="0" c58="0" c59="0" c6="0.241167" c60="0" c61="0" c7="-1.88787" c8="-0.00433594" c9="0.273622" dim="61" m11="-0.0946868" m12="-0.98415" m13="0.149945" m21="-0.623214" m22="0.176056" m23="0.761977" m31="-0.776298" m32="-0.0212989" m33="-0.630006" v1="0.44616" v2="-0.226111" v3="0.281707"></first>
        <second m11="0.999887" m12="-0.0141688" m13="0.00507495" m21="0.0139541" m22="0.999098" m23="0.0401009" m31="-0.00563856" m32="-0.0400256" m33="0.999183" v1="-0.00990193" v2="-0.00233706" v3="-0.0167472"></second>
      </equation>
      <equation>
        <first c1="2.27176" c10="0.0988526" c11="0.0988526" c12="0.0462066" c13="-0.0351277" c14="0.113302" c15="0.113302" c16="-0.0188892" c17="0.0574875" c18="0.233002" c19="0.154462" c2="-1.20651" c20="0.0447046" c21="0.171222" c22="0.0392576" c23="0.0392576" c24="-0.0290484" c25="0.0868885" c26="0.138581" c27="0.201413" c28="0" c29="0" c3="2.50995" c30="0" c31="0" c32="0" c33="0" c34="0" c35="0" c36="0" c37="0" c38="0" c39="0" c4="-2.03665" c40="0" c41="0" c42="0" c43="0" c44="0" c45="0" c46="0" c47="0" c48="0" c49="0" c5="0.727896" c50="0" c51="0" c52="0" c53="0" c54="0" c55="0" c56="0" c57="0" c58="0" c59="0" c6="0.358563" c60="0" c61="0" c7="-2.04088" c8="-0.00433594" c9="0.273622" dim="61" m11="0.124297" m12="-0.984997" m13="-0.119715" m21="-0.618003" m22="-0.171242" m23="0.767299" m31="-0.776288" m32="-0.0213888" m33="-0.630016" v1="0.369802" v2="-0.240919" v3="0.281712"></first>
        <second m11="0.999982" m12="-0.00549108" m13="0.00234965" m21="0.00538745" m22="0.999101" m23="0.0420437" m31="-0.0025784" m32="-0.0420303" m33="0.999113" v1="-0.00693791" v2="0.00267703" v3="-0.0195634"></second>
      </equation>
      <equation>
        <first c1="2.83747" c10="0.0988526" c11="0.0988526" c12="0.0439726" c13="-0.0373617" c14="0.112045" c15="0.112045" c16="-0.0183307" c17="0.058046" c18="0.231745" c19="0.153205" c2="-0.26725" c20="0.0435876" c21="0.172339" c22="0.0392576" c23="0.0392576" c24="-0.0290484" c25="0.0868885" c26="0.138581" c27="0.201413" c28="0" c29="0" c3="0.989925" c30="0" c31="0" c32="0" c33="0" c34="0" c35="0" c36="0" c37="0" c38="0" c39="0" c4="-2.09439" c40="0" c41="0" c42="0" c43="0" c44="0" c45="0" c46="0" c47="0" c48="0" c49="0" c5="1.62765" c50="0" c51="0" c52="0" c53="0" c54="0" c55="0" c56="0" c57="0" c58="0" c59="0" c6="-1.19655" c60="0" c61="0" c7="-0.328297" c8="0.00180762" c9="0.276415" dim="61" m11="0.613872" m12="0.572456" m13="-0.543557" m21="0.537747" m22="-0.807342" m23="-0.242954" m31="-0.577917" m32="-0.143154" m33="-0.803442" v1="0.232077" v2="-0.719373" v3="0.154899"></first>
        <second m11="0.99998" m12="0.00561449" m13="-0.00279307" m21="-0.00562392" m22="0.999978" m23="-0.00338187" m31="0.00277402" m32="0.00339751" m33="0.99999" v1="-0.00301006" v2="0.00282992" v3="0.00253893"></second>
      </equation>
      <equation>
        <first c1="2.75262" c10="0.0988526" c11="0.0988526" c12="0.0450896" c13="-0.0362447" c14="0.112045" c15="0.112045" c16="-0.0183307" c17="0.058046" c18="0.233002" c19="0.154462" c2="0.0628369" c20="0.0447046" c21="0.171222" c22="0.0392576" c23="0.0392576" c24="-0.0290484" c25="0.0868885" c26="0.138581" c27="0.201413" c28="0" c29="0" c3="1.42344" c30="0" c31="0" c32="0" c33="0" c34="0" c35="0" c36="0" c37="0" c38="0" c39="0" c4="-1.83556" c40="0" c41="0" c42="0" c43="0" c44="0" c45="0" c46="0" c47="0" c48="0" c49="0" c5="1.20828" c50="0" c51="0" c52="0" c53="0" c54="0" c55="0" c56="0" c57="0" c58="0" c59="0" c6="-1.43959" c60="0" c61="0" c7="-0.740246" c8="0.00236613" c9="0.27809" dim="61" m11="0.401643" m12="0.867799" m13="-0.29259" m21="0.726051" m22="-0.496458" m23="-0.475793" m31="-0.558151" m32="-0.0213363" m33="-0.829465" v1="0.316506" v2="-0.766557" v3="0.161238"></first>
        <second m11="0.999949" m12="-0.00967824" m13="-0.00271794" m21="0.00968733" m22="0.999947" m23="0.00335232" m31="0.00268535" m32="-0.00337848" m33="0.999991" v1="-0.0120789" v2="-0.00243006" v3="-0.00276028"></second>
      </equation>
      <equation>
        <first c1="1.61781" c10="0.0988526" c11="0.0988526" c12="0.0456481" c13="-0.0356862" c14="0.112045" c15="0.112045" c16="-0.0177722" c17="0.0586045" c18="0.231745" c19="0.153205" c2="-0.620324" c20="0.0447046" c21="0.171222" c22="0.0392576" c23="0.0392576" c24="-0.0290484" c25="0.0868885" c26="0.138581" c27="0.201413" c28="0" c29="0" c3="2.40445" c30="0" c31="0" c32="0" c33="0" c34="0" c35="0" c36="0" c37="0" c38="0" c39="0" c4="-1.14066" c40="0" c41="0" c42="0" c43="0" c44="0" c45="0" c46="0" c47="0" c48="0" c49="0" c5="1.52367" c50="0" c51="0" c52="0" c53="0" c54="0" c55="0" c56="0" c57="0" c58="0" c59="0" c6="-0.937898" c60="0" c61="0" c7="-1.43851" c8="0.000132104" c9="0.275856" dim="61" m11="-0.159069" m12="0.983879" m13="0.0817274" m21="0.814413" m22="0.177561" m23="-0.552452" m31="-0.558058" m32="-0.021318" m33="-0.829528" v1="0.551208" v2="-0.778317" v3="0.16123"></first>
        <second m11="0.999771" m12="-0.00422758" m13="0.0209632" m21="0.00398839" m22="0.999927" m23="0.0114388" m31="-0.02101" m32="-0.0113525" m33="0.999715" v1="-0.00238294" v2="0.00106929" v3="0.00323586"></second>
      </equation>
      <equation>
        <first c1="1.60445" c10="0.0988526" c11="0.0988526" c12="0.0456481" c13="-0.0356862" c14="0.112045" c15="0.112045" c16="-0.0177722" c17="0.0586045" c18="0.233002" c19="0.154462" c2="-0.969012" c20="0.0447046" c21="0.171222" c22="0.0392576" c23="0.0392576" c24="-0.0290484" c25="0.0868885" c26="0.138581" c27="0.201413" c28="0" c29="0" c3="2.19813" c30="0" c31="0" c32="0" c33="0" c34="0" c35="0" c36="0" c37="0" c38="0" c39="0" c4="-0.773139" c40="0" c41="0" c42="0" c43="0" c44="0" c45="0" c46="0" c47="0" c48="0" c49="0" c5="1.9854" c50="0" c51="0" c52="0" c53="0" c54="0" c55="0" c56="0" c57="0" c58="0" c59="0" c6="-0.737909" c60="0" c61="0" c7="-1.91151" c8="0.000132104" c9="0.275856" dim="61" m11="-0.427914" m12="0.863839" m13="0.265841" m21="0.710957" m22="0.503323" m23="-0.491128" m31="-0.558059" m32="-0.0211593" m33="-0.829531" v1="0.657386" v2="-0.723892" v3="0.16124"></first>
        <second m11="0.999724" m12="-0.000890481" m13="0.0234928" m21="0.00043904" m22="0.999815" m23="0.0192143" m31="-0.0235056" m32="-0.0191987" m33="0.999539" v1="0.00144859" v2="0.00300335" v3="0.000220673"></second>
      </equation>
      <equation>
        <first c1="1.50952" c10="0.0988526" c11="0.0988526" c12="0.0439726" c13="-0.0373617" c14="0.112045" c15="0.112045" c16="-0.0172137" c17="0.0591631" c18="0.233002" c19="0.154462" c2="-1.30223" c20="0.0447046" c21="0.171222" c22="0.0392576" c23="0.0392576" c24="-0.0290484" c25="0.0868885" c26="0.138581" c27="0.201413" c28="0" c29="0" c3="1.84203" c30="0" c31="0" c32="0" c33="0" c34="0" c35="0" c36="0" c37="0" c38="0" c39="0" c4="-0.354139" c40="0" c41="0" c42="0" c43="0" c44="0" c45="0" c46="0" c47="0" c48="0" c49="0" c5="2.76068" c50="0" c51="0" c52="0" c53="0" c54="0" c55="0" c56="0" c57="0" c58="0" c59="0" c6="-0.72078" c60="0" c61="0" c7="-2.50763" c8="0.00180762" c9="0.276415" dim="61" m11="-0.646177" m12="0.639175" m13="0.417026" m21="0.521483" m22="0.768753" m23="-0.370235" m31="-0.557235" m32="-0.021765" m33="-0.830069" v1="0.738578" v2="-0.636502" v3="0.161266"></first>
        <second m11="0.999859" m12="-0.00289122" m13="0.0165667" m21="0.00245108" m22="0.999645" m23="0.0265265" m31="-0.0166375" m32="-0.0264822" m33="0.999511" v1="-0.00037989" v2="0.00325534" v3="-0.00620687"></second>
      </equation>
      <equation>
        <first c1="1.42779" c10="0.0988526" c11="0.0988526" c12="0.0456481" c13="-0.0356862" c14="0.112045" c15="0.112045" c16="-0.0172137" c17="0.0591631" c18="0.233002" c19="0.154462" c2="-1.60291" c20="0.0447046" c21="0.171222" c22="0.0392576" c23="0.0392576" c24="-0.0290484" c25="0.0868885" c26="0.138581" c27="0.201413" c28="0" c29="0" c3="2.96075" c30="0" c31="0" c32="0" c33="0" c34="0" c35="0" c36="0" c37="0" c38="0" c39="0" c4="-0.082215" c40="0" c41="0" c42="0" c43="0" c44="0" c45="0" c46="0" c47="0" c48="0" c49="0" c5="1.85391" c50="0" c51="0" c52="0" c53="0" c54="0" c55="0" c56="0" c57="0" c58="0" c59="0" c6="-0.735048" c60="0" c61="0" c7="-2.96674" c8="-0.000426403" c9="0.275298" dim="61" m11="-0.787008" m12="0.0426812" m13="0.615464" m21="0.0115957" m22="0.998451" m23="-0.0544128" m31="-0.616834" m32="-0.0356866" m33="-0.786284" v1="0.778407" v2="-0.404092" v3="0.158993"></first>
        <second m11="0.999877" m12="-0.0125659" m13="0.0093861" m21="0.0123162" m22="0.999581" m23="0.0261957" m31="-0.00971134" m32="-0.0260768" m33="0.999613" v1="-0.00408112" v2="0.000393762" v3="-0.00675628"></second>
      </equation>
      <equation>
        <first c1="1.60133" c10="0.0988526" c11="0.0988526" c12="0.0462066" c13="-0.0351277" c14="0.112045" c15="0.112045" c16="-0.0222402" c17="0.0630726" c18="0.233002" c19="0.154462" c2="-1.8583" c20="0.0447046" c21="0.171222" c22="0.0392576" c23="0.0392576" c24="-0.0290484" c25="0.0868885" c26="0.138581" c27="0.201413" c28="0" c29="0" c3="1.77601" c30="0" c31="0" c32="0" c33="0" c34="0" c35="0" c36="0" c37="0" c38="0" c39="0" c4="-0.0109398" c40="0" c41="0" c42="0" c43="0" c44="0" c45="0" c46="0" c47="0" c48="0" c49="0" c5="0.450076" c50="0" c51="0" c52="0" c53="0" c54="0" c55="0" c56="0" c57="0" c58="0" c59="0" c6="1.04643" c60="0" c61="0" c7="-0.639235" c8="0.00180762" c9="0.275298" dim="61" m11="-0.586668" m12="-0.733613" m13="0.342977" m21="-0.584244" m22="0.67669" m23="0.448051" m31="-0.560785" m32="0.0624747" m33="-0.825601" v1="0.757079" v2="-0.206366" v3="0.247688"></first>
        <second m11="0.999955" m12="-0.0074824" m13="-0.00578336" m21="0.00770747" m22="0.999173" m23="0.0399271" m31="0.00547983" m32="-0.0399699" m33="0.999186" v1="-0.00632443" v2="0.0052845" v3="-0.0250745"></second>
      </equation>
      <equation>
        <first c1="1.49082" c10="0.0988526" c11="0.0988526" c12="0.0456481" c13="-0.0356862" c14="0.112045" c15="0.112045" c16="-0.0172137" c17="0.0591631" c18="0.233002" c19="0.154462" c2="-1.58731" c20="0.0447046" c21="0.171222" c22="0.0392576" c23="0.0392576" c24="-0.0290484" c25="0.0868885" c26="0.138581" c27="0.201413" c28="0" c29="0" c3="2.96706" c30="0" c31="0" c32="0" c33="0" c34="0" c35="0" c36="0" c37="0" c38="0" c39="0" c4="-0.41606" c40="0" c41="0" c42="0" c43="0" c44="0" c45="0" c46="0" c47="0" c48="0" c49="0" c5="1.78683" c50="0" c51="0" c52="0" c53="0" c54="0" c55="0" c56="0" c57="0" c58="0" c59="0" c6="-0.707093" c60="0" c61="0" c7="-2.96712" c8="0.00069061" c9="0.276415" dim="61" m11="-0.770114" m12="-0.27456" m13="0.575796" m21="-0.250122" m22="0.960321" m23="0.123382" m31="-0.586825" m32="-0.0490013" m33="-0.80823" v1="0.749464" v2="-0.289114" v3="0.159631"></first>
        <second m11="0.999965" m12="-0.00678094" m13="0.00488565" m21="0.0065547" m22="0.998969" m23="0.0449213" m31="-0.00518522" m32="-0.0448877" m33="0.998979" v1="-0.00242239" v2="0.00578894" v3="-0.0180678"></second>
      </equation>
      <equation>
        <first c1="1.55056" c10="0.0988526" c11="0.0988526" c12="0.0456481" c13="-0.0356862" c14="0.112045" c15="0.112045" c16="-0.0172137" c17="0.0591631" c18="0.233002" c19="0.154462" c2="-1.54742" c20="0.0447046" c21="0.171222" c22="0.0392576" c23="0.0392576" c24="-0.0290484" c25="0.0868885" c26="0.138581" c27="0.201413" c28="0" c29="0" c3="2.96577" c30="0" c31="0" c32="0" c33="0" c34="0" c35="0" c36="0" c37="0" c38="0" c39="0" c4="-0.795839" c40="0" c41="0" c42="0" c43="0" c44="0" c45="0" c46="0" c47="0" c48="0" c49="0" c5="1.71482" c50="0" c51="0" c52="0" c53="0" c54="0" c55="0" c56="0" c57="0" c58="0" c59="0" c6="-0.648693" c60="0" c61="0" c7="-2.96713" c8="0.00069061" c9="0.276415" dim="61" m11="-0.641658" m12="-0.587322" m13="0.493283" m21="-0.505941" m22="0.807485" m23="0.303301" m31="-0.576454" m32="-0.0549564" m33="-0.81528" v1="0.677981" v2="-0.194893" v3="0.160325"></first>
        <second m11="0.999966" m12="-0.0081414" m13="-0.000881305" m21="0.00817181" m22="0.999038" m23="0.0430762" m31="0.000529757" m32="-0.0430819" m33="0.999071" v1="-0.004704" v2="0.00554667" v3="-0.0202572"></second>
      </equation>
      <equation>
        <first c1="1.69045" c10="0.0988526" c11="0.0988526" c12="0.0439726" c13="-0.0373617" c14="0.112045" c15="0.112045" c16="-0.0172137" c17="0.0591631" c18="0.231745" c19="0.153205" c2="-1.49395" c20="0.0447046" c21="0.171222" c22="0.0392576" c23="0.0392576" c24="-0.0290484" c25="0.0868885" c26="0.138581" c27="0.201413" c28="0" c29="0" c3="2.8969" c30="0" c31="0" c32="0" c33="0" c34="0" c35="0" c36="0" c37="0" c38="0" c39="0" c4="-1.50918" c40="0" c41="0" c42="0" c43="0" c44="0" c45="0" c46="0" c47="0" c48="0" c49="0" c5="1.56995" c50="0" c51="0" c52="0" c53="0" c54="0" c55="0" c56="0" c57="0" c58="0" c59="0" c6="-0.487802" c60="0" c61="0" c7="-2.9671" c8="0.00124912" c9="0.276973" dim="61" m11="-0.160535" m12="-0.96846" m13="0.190562" m21="-0.805257" m22="0.240152" m23="0.542115" m31="-0.57078" m32="-0.0664227" m33="-0.818412" v1="0.459784" v2="-0.106447" v3="0.160201"></first>
        <second m11="0.999904" m12="-0.0115989" m13="-0.00757158" m21="0.0119061" m22="0.999052" m23="0.0418664" m31="0.0070788" m32="-0.0419525" m33="0.999095" v1="-0.00988275" v2="0.00290244" v3="-0.0225384"></second>
      </equation>
      <equation>
        <first c1="1.65995" c10="0.0988526" c11="0.0988526" c12="0.0439726" c13="-0.0373617" c14="0.112045" c15="0.112045" c16="-0.0216817" c17="0.0636311" c18="0.231745" c19="0.153205" c2="-1.53045" c20="0.0447046" c21="0.171222" c22="0.0392576" c23="0.0392576" c24="-0.0290484" c25="0.0868885" c26="0.138581" c27="0.201413" c28="0" c29="0" c3="1.68962" c30="0" c31="0" c32="0" c33="0" c34="0" c35="0" c36="0" c37="0" c38="0" c39="0" c4="-0.361566" c40="0" c41="0" c42="0" c43="0" c44="0" c45="0" c46="0" c47="0" c48="0" c49="0" c5="0.208206" c50="0" c51="0" c52="0" c53="0" c54="0" c55="0" c56="0" c57="0" c58="0" c59="0" c6="0.617536" c60="0" c61="0" c7="-0.0828213" c8="0.00069061" c9="0.276415" dim="61" m11="-0.768735" m12="0.0199314" m13="0.639257" m21="0.0207361" m22="0.999766" m23="-0.00623568" m31="-0.639232" m32="0.00846213" m33="-0.768968" v1="0.773981" v2="-0.46015" v3="0.225323"></first>
        <second m11="0.999814" m12="-0.0104232" m13="0.0162008" m21="0.00980441" m22="0.999237" m23="0.0378179" m31="-0.0165826" m32="-0.037652" m33="0.999153" v1="-0.00360971" v2="0.00440594" v3="-0.0107432"></second>
      </equation>
      <equation>
        <first c1="1.64564" c10="0.0988526" c11="0.0988526" c12="0.0462066" c13="-0.0351277" c14="0.112045" c15="0.112045" c16="-0.0216817" c17="0.0636311" c18="0.233002" c19="0.154462" c2="-1.20666" c20="0.0447046" c21="0.171222" c22="0.0392576" c23="0.0392576" c24="-0.0290484" c25="0.0868885" c26="0.138581" c27="0.201413" c28="0" c29="0" c3="1.61825" c30="0" c31="0" c32="0" c33="0" c34="0" c35="0" c36="0" c37="0" c38="0" c39="0" c4="-0.496626" c40="0" c41="0" c42="0" c43="0" c44="0" c45="0" c46="0" c47="0" c48="0" c49="0" c5="-0.14301" c50="0" c51="0" c52="0" c53="0" c54="0" c55="0" c56="0" c57="0" c58="0" c59="0" c6="0.587774" c60="0" c61="0" c7="0.634079" c8="0.000132104" c9="0.274739" dim="61" m11="-0.484978" m12="0.72382" m13="0.490795" m21="0.600597" m22="0.683603" m23="-0.414692" m31="-0.635672" m32="0.0936535" m33="-0.766257" v1="0.709243" v2="-0.71046" v3="0.225509"></first>
        <second m11="0.99957" m12="-0.0013546" m13="0.0292954" m21="0.000759485" m22="0.999793" m23="0.0203158" m31="-0.0293169" m32="-0.0202849" m33="0.999364" v1="0.00249962" v2="0.00503263" v3="0.00471175"></second>
      </equation>
      <equation>
        <first c1="1.70971" c10="0.0988526" c11="0.0988526" c12="0.0467651" c13="-0.0345692" c14="0.113302" c15="0.113302" c16="-0.0222402" c17="0.0630726" c18="0.231745" c19="0.153205" c2="-0.944045" c20="0.0447046" c21="0.171222" c22="0.0392576" c23="0.0392576" c24="-0.0290484" c25="0.0868885" c26="0.138581" c27="0.201413" c28="0" c29="0" c3="1.20652" c30="0" c31="0" c32="0" c33="0" c34="0" c35="0" c36="0" c37="0" c38="0" c39="0" c4="-0.70763" c40="0" c41="0" c42="0" c43="0" c44="0" c45="0" c46="0" c47="0" c48="0" c49="0" c5="0.126306" c50="0" c51="0" c52="0" c53="0" c54="0" c55="0" c56="0" c57="0" c58="0" c59="0" c6="0.752085" c60="0" c61="0" c7="0.841237" c8="0.00069061" c9="0.276415" dim="61" m11="-0.0061752" m12="0.997804" m13="0.0659411" m21="0.850131" m22="0.03996" m23="-0.525052" m31="-0.526535" m32="0.0528163" m33="-0.848512" v1="0.538913" v2="-0.936026" v3="0.253972"></first>
        <second m11="0.999694" m12="-0.0067933" m13="0.0237957" m21="0.00690491" m22="0.999966" m23="-0.00461156" m31="-0.0237636" m32="0.00477446" m33="0.999706" v1="-0.000756129" v2="-0.00248193" v3="0.0141171"></second>
      </equation>
      <equation>
        <first c1="2.40936" c10="0.0988526" c11="0.0988526" c12="0.0467651" c13="-0.0345692" c14="0.112045" c15="0.112045" c16="-0.0216817" c17="0.0636311" c18="0.231745" c19="0.153205" c2="-0.707477" c20="0.0447046" c21="0.171222" c22="0.0392576" c23="0.0392576" c24="-0.0290484" c25="0.0868885" c26="0.138581" c27="0.201413" c28="0" c29="0" c3="1.67054" c30="0" c31="0" c32="0" c33="0" c34="0" c35="0" c36="0" c37="0" c38="0" c39="0" c4="-1.71806" c40="0" c41="0" c42="0" c43="0" c44="0" c45="0" c46="0" c47="0" c48="0" c49="0" c5="1.53911" c50="0" c51="0" c52="0" c53="0" c54="0" c55="0" c56="0" c57="0" c58="0" c59="0" c6="-1.23054" c60="0" c61="0" c7="-0.873445" c8="-0.00377743" c9="0.269713" dim="61" m11="0.0949078" m12="0.984034" m13="-0.150561" m21="0.623136" m22="-0.176673" m23="-0.761898" m31="-0.776334" m32="-0.0215099" m33="-0.629955" v1="0.453922" v2="-0.673888" v3="0.281668"></first>
        <second m11="0.999594" m12="-0.00696476" m13="0.0276149" m21="0.00670547" m22="0.999933" m23="0.00947102" m31="-0.027679" m32="-0.00928201" m33="0.999574" v1="-0.00308399" v2="0.000100546" v3="0.00736194"></second>
      </equation>
      <equation>
        <first c1="1.78473" c10="0.0988526" c11="0.0988526" c12="0.0467651" c13="-0.0345692" c14="0.112045" c15="0.112045" c16="-0.0216817" c17="0.0636311" c18="0.233002" c19="0.154462" c2="-1.14421" c20="0.0447046" c21="0.171222" c22="0.0392576" c23="0.0392576" c24="-0.0290484" c25="0.0868885" c26="0.138581" c27="0.201413" c28="0" c29="0" c3="2.96505" c30="0" c31="0" c32="0" c33="0" c34="0" c35="0" c36="0" c37="0" c38="0" c39="0" c4="-1.57871" c40="0" c41="0" c42="0" c43="0" c44="0" c45="0" c46="0" c47="0" c48="0" c49="0" c5="1.71652" c50="0" c51="0" c52="0" c53="0" c54="0" c55="0" c56="0" c57="0" c58="0" c59="0" c6="-0.365348" c60="0" c61="0" c7="-2.96638" c8="-0.00210191" c9="0.273622" dim="61" m11="-0.301888" m12="-0.864228" m13="0.402459" m21="-0.553239" m22="0.502614" m23="0.664309" m31="-0.776396" m32="-0.0221096" m33="-0.629857" v1="0.522881" v2="-0.238211" v3="0.281651"></first>
        <second m11="0.999891" m12="-0.0147807" m13="0.000302255" m21="0.0147534" m22="0.99894" m23="0.0436086" m31="-0.000946499" m32="-0.0435994" m33="0.999049" v1="-0.0114502" v2="-0.000435688" v3="-0.0210705"></second>
      </equation>
      <equation>
        <first c1="2.06489" c10="0.0988526" c11="0.0988526" c12="0.0462066" c13="-0.0351277" c14="0.113302" c15="0.113302" c16="-0.0216817" c17="0.0625141" c18="0.231745" c19="0.153205" c2="-1.32832" c20="0.0447046" c21="0.171222" c22="0.0392576" c23="0.0392576" c24="-0.0290484" c25="0.0868885" c26="0.138581" c27="0.201413" c28="0" c29="0" c3="1.82668" c30="0" c31="0" c32="0" c33="0" c34="0" c35="0" c36="0" c37="0" c38="0" c39="0" c4="-1.09967" c40="0" c41="0" c42="0" c43="0" c44="0" c45="0" c46="0" c47="0" c48="0" c49="0" c5="1.97733" c50="0" c51="0" c52="0" c53="0" c54="0" c55="0" c56="0" c57="0" c58="0" c59="0" c6="-0.294546" c60="0" c61="0" c7="-1.90185" c8="-0.000984901" c9="0.274739" dim="61" m11="-0.596795" m12="0.344272" m13="0.724784" m21="0.201061" m22="0.938623" m23="-0.280289" m31="-0.776795" m32="-0.0215491" m33="-0.629385" v1="0.671174" v2="-0.485064" v3="0.281701"></first>
        <second m11="0.999775" m12="-0.000567299" m13="0.0212097" m21="4.31396e-06" m22="0.999648" m23="0.0265343" m31="-0.0212173" m32="-0.0265283" m33="0.999423" v1="0.000740338" v2="0.00317525" v3="-0.00297808"></second>
      </equation>
    </deformation>
    <extrinsic m11="-0.00733114" m12="-0.0773843" m13="0.996974" m21="0.999839" m22="0.0157766" m23="0.00857676" m31="-0.0163925" m32="0.996877" m33="0.0772562" v1="0.0853042" v2="-0.0391897" v3="0.160467">
      <model manual="0" simulation="0" use_intrinsic="1">
        <equation>
